'Elapsed time','ECG'
'seconds','mV'
0.000,0.075
0.005,0.151
0.010,0.120
0.015,0.097
0.020,0.107
0.025,0.086
0.030,0.072
0.035,0.068
0.040,0.058
0.045,0.046
0.050,0.043
0.055,0.040
0.060,0.028
0.065,0.018
0.070,0.016
0.075,0.004
0.080,-0.006
0.085,-0.006
0.090,-0.020
0.095,-0.037
0.100,-0.037
0.105,-0.038
0.110,-0.055
0.115,-0.063
0.120,-0.060
0.125,-0.074
0.130,-0.092
0.135,-0.094
0.140,-0.101
0.145,-0.110
0.150,-0.102
0.155,-0.103
0.160,-0.121
0.165,-0.121
0.170,-0.107
0.175,-0.110
0.180,-0.107
0.185,-0.089
0.190,-0.078
0.195,-0.063
0.200,-0.035
0.205,-0.014
0.210,0.004
0.215,0.032
0.220,0.062
0.225,0.073
0.230,0.078
0.235,0.092
0.240,0.099
0.245,0.096
0.250,0.098
0.255,0.098
0.260,0.088
0.265,0.085
0.270,0.086
0.275,0.075
0.280,0.069
0.285,0.070
0.290,0.061
0.295,0.049
0.300,0.048
0.305,0.047
0.310,0.036
0.315,0.029
0.320,0.022
0.325,0.008
0.330,0.001
0.335,0.001
0.340,-0.004
0.345,-0.013
0.350,-0.011
0.355,-0.009
0.360,-0.017
0.365,-0.016
0.370,-0.011
0.375,-0.017
0.380,-0.023
0.385,-0.016
0.390,-0.013
0.395,-0.018
0.400,-0.013
0.405,-0.009
0.410,-0.014
0.415,-0.012
0.420,-0.003
0.425,-0.008
0.430,-0.012
0.435,-0.001
0.440,-0.002
0.445,-0.012
0.450,-0.007
0.455,-0.004
0.460,-0.012
0.465,-0.009
0.470,-0.005
0.475,-0.017
0.480,-0.024
0.485,-0.020
0.490,-0.033
0.495,-0.058
0.500,-0.070
0.505,-0.079
0.510,-0.093
0.515,-0.084
0.520,-0.078
0.525,-0.105
0.530,-0.124
0.535,-0.113
0.540,-0.108
0.545,-0.106
0.550,-0.080
0.555,-0.045
0.560,-0.026
0.565,-0.003
0.570,0.034
0.575,0.052
0.580,0.053
0.585,0.066
0.590,0.071
0.595,0.056
0.600,0.054
0.605,0.055
0.610,0.048
0.615,0.049
0.620,0.055
0.625,0.057
0.630,0.062
0.635,0.027
0.640,-0.103
0.645,-0.336
0.650,-0.663
0.655,-1.099
0.660,-1.439
0.665,-1.263
0.670,-0.643
0.675,-0.064
0.680,0.228
0.685,0.286
0.690,0.308
0.695,0.324
0.700,0.297
0.705,0.283
0.710,0.277
0.715,0.277
0.720,0.279
0.725,0.262
0.730,0.246
0.735,0.244
0.740,0.231
0.745,0.214
0.750,0.212
0.755,0.205
0.760,0.183
0.765,0.171
0.770,0.167
0.775,0.152
0.780,0.136
0.785,0.130
0.790,0.118
0.795,0.105
0.800,0.099
0.805,0.087
0.810,0.070
0.815,0.067
0.820,0.066
0.825,0.047
0.830,0.033
0.835,0.030
0.840,0.017
0.845,0.003
0.850,0.002
0.855,-0.007
0.860,-0.025
0.865,-0.030
0.870,-0.032
0.875,-0.045
0.880,-0.054
0.885,-0.054
0.890,-0.064
0.895,-0.078
0.900,-0.080
0.905,-0.082
0.910,-0.089
0.915,-0.089
0.920,-0.084
0.925,-0.082
0.930,-0.070
0.935,-0.042
0.940,-0.018
0.945,0.003
0.950,0.033
0.955,0.056
0.960,0.071
0.965,0.089
0.970,0.106
0.975,0.112
0.980,0.118
0.985,0.132
0.990,0.135
0.995,0.121
1.000,0.114
1.005,0.113
1.010,0.103
1.015,0.099
1.020,0.097
1.025,0.080
1.030,0.071
1.035,0.076
1.040,0.071
1.045,0.057
1.050,0.054
1.055,0.051
1.060,0.036
1.065,0.027
1.070,0.027
1.075,0.017
1.080,0.011
1.085,0.014
1.090,0.004
1.095,-0.008
1.100,-0.006
1.105,-0.005
1.110,-0.012
1.115,-0.010
1.120,-0.004
1.125,-0.012
1.130,-0.018
1.135,-0.010
1.140,-0.011
1.145,-0.018
1.150,-0.011
1.155,-0.003
1.160,-0.009
1.165,-0.009
1.170,-0.005
1.175,-0.009
1.180,-0.011
1.185,-0.007
1.190,-0.010
1.195,-0.016
1.200,-0.012
1.205,-0.012
1.210,-0.021
1.215,-0.018
1.220,-0.012
1.225,-0.020
1.230,-0.027
1.235,-0.023
1.240,-0.022
1.245,-0.030
1.250,-0.030
1.255,-0.036
1.260,-0.061
1.265,-0.081
1.270,-0.092
1.275,-0.110
1.280,-0.109
1.285,-0.098
1.290,-0.116
1.295,-0.131
1.300,-0.118
1.305,-0.110
1.310,-0.112
1.315,-0.092
1.320,-0.060
1.325,-0.041
1.330,-0.017
1.335,0.020
1.340,0.044
1.345,0.049
1.350,0.058
1.355,0.063
1.360,0.057
1.365,0.057
1.370,0.059
1.375,0.050
1.380,0.044
1.385,0.047
1.390,0.051
1.395,0.058
1.400,0.053
1.405,-0.020
1.410,-0.200
1.415,-0.473
1.420,-0.843
1.425,-1.269
1.430,-1.396
1.435,-0.977
1.440,-0.357
1.445,0.095
1.450,0.268
1.455,0.277
1.460,0.310
1.465,0.314
1.470,0.282
1.475,0.272
1.480,0.273
1.485,0.278
1.490,0.267
1.495,0.250
1.500,0.246
1.505,0.236
1.510,0.217
1.515,0.208
1.520,0.206
1.525,0.193
1.530,0.178
1.535,0.173
1.540,0.158
1.545,0.140
1.550,0.139
1.555,0.129
1.560,0.107
1.565,0.102
1.570,0.101
1.575,0.083
1.580,0.069
1.585,0.065
1.590,0.052
1.595,0.037
1.600,0.033
1.605,0.026
1.610,0.011
1.615,0.002
1.620,-0.002
1.625,-0.015
1.630,-0.026
1.635,-0.032
1.640,-0.045
1.645,-0.058
1.650,-0.058
1.655,-0.063
1.660,-0.080
1.665,-0.084
1.670,-0.081
1.675,-0.088
1.680,-0.094
1.685,-0.089
1.690,-0.086
1.695,-0.084
1.700,-0.064
1.705,-0.041
1.710,-0.023
1.715,0.001
1.720,0.029
1.725,0.049
1.730,0.071
1.735,0.094
1.740,0.103
1.745,0.106
1.750,0.116
1.755,0.125
1.760,0.119
1.765,0.113
1.770,0.108
1.775,0.094
1.780,0.086
1.785,0.090
1.790,0.086
1.795,0.073
1.800,0.072
1.805,0.070
1.810,0.056
1.815,0.048
1.820,0.042
1.825,0.032
1.830,0.029
1.835,0.030
1.840,0.021
1.845,0.011
1.850,0.011
1.855,0.011
1.860,0.004
1.865,0.004
1.870,0.006
1.875,-0.003
1.880,-0.005
1.885,0.002
1.890,-0.005
1.895,-0.016
1.900,-0.011
1.905,-0.011
1.910,-0.020
1.915,-0.015
1.920,-0.009
1.925,-0.015
1.930,-0.019
1.935,-0.013
1.940,-0.013
1.945,-0.020
1.950,-0.012
1.955,-0.006
1.960,-0.019
1.965,-0.022
1.970,-0.012
1.975,-0.019
1.980,-0.022
1.985,-0.011
1.990,-0.014
1.995,-0.021
2.000,-0.019
2.005,-0.018
2.010,-0.019
2.015,-0.015
2.020,-0.013
2.025,-0.022
2.030,-0.026
2.035,-0.022
2.040,-0.030
2.045,-0.038
2.050,-0.027
2.055,-0.024
2.060,-0.031
2.065,-0.027
2.070,-0.022
2.075,-0.031
2.080,-0.037
2.085,-0.027
2.090,-0.021
2.095,-0.025
2.100,-0.022
2.105,-0.032
2.110,-0.062
2.115,-0.078
2.120,-0.084
2.125,-0.101
2.130,-0.105
2.135,-0.098
2.140,-0.118
2.145,-0.134
2.150,-0.116
2.155,-0.107
2.160,-0.123
2.165,-0.116
2.170,-0.084
2.175,-0.054
2.180,-0.019
2.185,0.018
2.190,0.039
2.195,0.053
2.200,0.067
2.205,0.072
2.210,0.059
2.215,0.053
2.220,0.060
2.225,0.060
2.230,0.055
2.235,0.056
2.240,0.058
2.245,0.068
2.250,0.061
2.255,-0.023
2.260,-0.207
2.265,-0.481
2.270,-0.868
2.275,-1.280
2.280,-1.313
2.285,-0.814
2.290,-0.207
2.295,0.167
2.300,0.279
2.305,0.295
2.310,0.325
2.315,0.309
2.320,0.282
2.325,0.276
2.330,0.272
2.335,0.274
2.340,0.269
2.345,0.258
2.350,0.250
2.355,0.234
2.360,0.217
2.365,0.211
2.370,0.204
2.375,0.194
2.380,0.184
2.385,0.173
2.390,0.154
2.395,0.138
2.400,0.135
2.405,0.126
2.410,0.106
2.415,0.098
2.420,0.094
2.425,0.076
2.430,0.067
2.435,0.068
2.440,0.052
2.445,0.035
2.450,0.034
2.455,0.029
2.460,0.012
2.465,0.011
2.470,0.014
2.475,-0.005
2.480,-0.021
2.485,-0.020
2.490,-0.029
2.495,-0.050
2.500,-0.055
2.505,-0.052
2.510,-0.061
2.515,-0.067
2.520,-0.071
2.525,-0.081
2.530,-0.081
2.535,-0.077
2.540,-0.085
2.545,-0.088
2.550,-0.067
2.555,-0.045
2.560,-0.034
2.565,-0.011
2.570,0.021
2.575,0.036
2.580,0.054
2.585,0.079
2.590,0.083
2.595,0.084
2.600,0.101
2.605,0.111
2.610,0.105
2.615,0.101
2.620,0.103
2.625,0.098
2.630,0.094
2.635,0.092
2.640,0.079
2.645,0.070
2.650,0.069
2.655,0.064
2.660,0.053
2.665,0.049
2.670,0.046
2.675,0.037
2.680,0.034
2.685,0.033
2.690,0.019
2.695,0.006
2.700,0.004
2.705,0.001
2.710,-0.006
2.715,-0.003
2.720,-0.002
2.725,-0.013
2.730,-0.018
2.735,-0.014
2.740,-0.013
2.745,-0.015
2.750,-0.010
2.755,-0.010
2.760,-0.016
2.765,-0.014
2.770,-0.013
2.775,-0.016
2.780,-0.007
2.785,-0.002
2.790,-0.008
2.795,-0.010
2.800,-0.002
2.805,-0.004
2.810,-0.017
2.815,-0.012
2.820,-0.010
2.825,-0.026
2.830,-0.031
2.835,-0.035
2.840,-0.061
2.845,-0.087
2.850,-0.088
2.855,-0.084
2.860,-0.084
2.865,-0.091
2.870,-0.109
2.875,-0.120
2.880,-0.117
2.885,-0.115
2.890,-0.110
2.895,-0.086
2.900,-0.048
2.905,-0.019
2.910,0.009
2.915,0.040
2.920,0.052
2.925,0.054
2.930,0.066
2.935,0.076
2.940,0.065
2.945,0.048
2.950,0.045
2.955,0.041
2.960,0.035
2.965,0.042
2.970,0.057
2.975,0.072
2.980,0.051
2.985,-0.053
2.990,-0.257
2.995,-0.564
3.000,-0.994
3.005,-1.392
3.010,-1.319
3.015,-0.729
3.020,-0.119
3.025,0.200
3.030,0.286
3.035,0.310
3.040,0.306
3.045,0.266
3.050,0.250
3.055,0.253
3.060,0.252
3.065,0.247
3.070,0.238
3.075,0.228
3.080,0.220
3.085,0.215
3.090,0.204
3.095,0.190
3.100,0.183
3.105,0.170
3.110,0.146
3.115,0.136
3.120,0.139
3.125,0.126
3.130,0.109
3.135,0.107
3.140,0.096
3.145,0.079
3.150,0.075
3.155,0.065
3.160,0.051
3.165,0.049
3.170,0.047
3.175,0.030
3.180,0.016
3.185,0.019
3.190,0.012
3.195,-0.003
3.200,-0.004
3.205,-0.010
3.210,-0.033
3.215,-0.040
3.220,-0.038
3.225,-0.051
3.230,-0.057
3.235,-0.049
3.240,-0.060
3.245,-0.076
3.250,-0.076
3.255,-0.078
3.260,-0.083
3.265,-0.073
3.270,-0.060
3.275,-0.056
3.280,-0.039
3.285,-0.008
3.290,0.011
3.295,0.029
3.300,0.055
3.305,0.073
3.310,0.083
3.315,0.098
3.320,0.110
3.325,0.105
3.330,0.102
3.335,0.109
3.340,0.110
3.345,0.108
3.350,0.105
3.355,0.094
3.360,0.084
3.365,0.083
3.370,0.082
3.375,0.070
3.380,0.062
3.385,0.058
3.390,0.041
3.395,0.028
3.400,0.032
3.405,0.029
3.410,0.020
3.415,0.019
3.420,0.014
3.425,-0.006
3.430,-0.014
3.435,-0.009
3.440,-0.016
3.445,-0.022
3.450,-0.016
3.455,-0.017
3.460,-0.023
3.465,-0.020
3.470,-0.016
3.475,-0.019
3.480,-0.019
3.485,-0.012
3.490,-0.016
3.495,-0.021
3.500,-0.014
3.505,-0.013
3.510,-0.020
3.515,-0.016
3.520,-0.011
3.525,-0.016
3.530,-0.015
3.535,-0.005
3.540,-0.006
3.545,-0.019
3.550,-0.021
3.555,-0.017
3.560,-0.019
3.565,-0.015
3.570,-0.013
3.575,-0.023
3.580,-0.025
3.585,-0.023
3.590,-0.037
3.595,-0.054
3.600,-0.060
3.605,-0.075
3.610,-0.098
3.615,-0.096
3.620,-0.083
3.625,-0.100
3.630,-0.120
3.635,-0.111
3.640,-0.112
3.645,-0.119
3.650,-0.100
3.655,-0.074
3.660,-0.052
3.665,-0.022
3.670,0.012
3.675,0.030
3.680,0.041
3.685,0.054
3.690,0.053
3.695,0.046
3.700,0.051
3.705,0.051
3.710,0.045
3.715,0.047
3.720,0.045
3.725,0.037
3.730,0.054
3.735,0.062
3.740,-0.010
3.745,-0.177
3.750,-0.427
3.755,-0.795
3.760,-1.253
3.765,-1.449
3.770,-1.065
3.775,-0.406
3.780,0.084
3.785,0.277
3.790,0.293
3.795,0.315
3.800,0.316
3.805,0.282
3.810,0.273
3.815,0.279
3.820,0.280
3.825,0.268
3.830,0.255
3.835,0.249
3.840,0.236
3.845,0.219
3.850,0.208
3.855,0.199
3.860,0.189
3.865,0.184
3.870,0.174
3.875,0.156
3.880,0.146
3.885,0.140
3.890,0.125
3.895,0.109
3.900,0.105
3.905,0.095
3.910,0.078
3.915,0.071
3.920,0.067
3.925,0.052
3.930,0.042
3.935,0.039
3.940,0.025
3.945,0.009
3.950,0.007
3.955,0.002
3.960,-0.013
3.965,-0.020
3.970,-0.025
3.975,-0.042
3.980,-0.050
3.985,-0.053
3.990,-0.067
3.995,-0.075
4.000,-0.072
4.005,-0.077
4.010,-0.085
4.015,-0.081
4.020,-0.081
4.025,-0.090
4.030,-0.079
4.035,-0.053
4.040,-0.035
4.045,-0.016
4.050,0.014
4.055,0.035
4.060,0.047
4.065,0.069
4.070,0.095
4.075,0.103
4.080,0.105
4.085,0.115
4.090,0.120
4.095,0.115
4.100,0.115
4.105,0.112
4.110,0.100
4.115,0.099
4.120,0.097
4.125,0.082
4.130,0.074
4.135,0.078
4.140,0.070
4.145,0.058
4.150,0.057
4.155,0.050
4.160,0.034
4.165,0.032
4.170,0.030
4.175,0.012
4.180,0.007
4.185,0.013
4.190,0.005
4.195,-0.002
4.200,0.003
4.205,-0.003
4.210,-0.014
4.215,-0.009
4.220,-0.010
4.225,-0.019
4.230,-0.014
4.235,-0.010
4.240,-0.019
4.245,-0.017
4.250,-0.005
4.255,-0.007
4.260,-0.014
4.265,-0.009
4.270,-0.009
4.275,-0.019
4.280,-0.017
4.285,-0.007
4.290,-0.012
4.295,-0.018
4.300,-0.011
4.305,-0.014
4.310,-0.024
4.315,-0.017
4.320,-0.011
4.325,-0.023
4.330,-0.026
4.335,-0.014
4.340,-0.014
4.345,-0.017
4.350,-0.010
4.355,-0.012
4.360,-0.017
4.365,-0.013
4.370,-0.016
4.375,-0.027
4.380,-0.026
4.385,-0.016
4.390,-0.021
4.395,-0.028
4.400,-0.023
4.405,-0.022
4.410,-0.025
4.415,-0.022
4.420,-0.026
4.425,-0.045
4.430,-0.063
4.435,-0.070
4.440,-0.084
4.445,-0.099
4.450,-0.095
4.455,-0.107
4.460,-0.133
4.465,-0.126
4.470,-0.107
4.475,-0.115
4.480,-0.118
4.485,-0.096
4.490,-0.071
4.495,-0.045
4.500,-0.009
4.505,0.020
4.510,0.035
4.515,0.052
4.520,0.062
4.525,0.058
4.530,0.058
4.535,0.063
4.540,0.059
4.545,0.052
4.550,0.057
4.555,0.060
4.560,0.062
4.565,0.062
4.570,0.002
4.575,-0.162
4.580,-0.422
4.585,-0.783
4.590,-1.216
4.595,-1.405
4.600,-1.043
4.605,-0.410
4.610,0.074
4.615,0.269
4.620,0.283
4.625,0.312
4.630,0.325
4.635,0.295
4.640,0.282
4.645,0.280
4.650,0.285
4.655,0.275
4.660,0.255
4.665,0.251
4.670,0.248
4.675,0.230
4.680,0.219
4.685,0.216
4.690,0.200
4.695,0.185
4.700,0.181
4.705,0.170
4.710,0.153
4.715,0.148
4.720,0.142
4.725,0.125
4.730,0.117
4.735,0.113
4.740,0.091
4.745,0.074
4.750,0.073
4.755,0.066
4.760,0.049
4.765,0.041
4.770,0.031
4.775,0.015
4.780,0.009
4.785,0.007
4.790,-0.008
4.795,-0.021
4.800,-0.023
4.805,-0.033
4.810,-0.048
4.815,-0.051
4.820,-0.058
4.825,-0.075
4.830,-0.080
4.835,-0.074
4.840,-0.080
4.845,-0.090
4.850,-0.088
4.855,-0.085
4.860,-0.085
4.865,-0.072
4.870,-0.055
4.875,-0.040
4.880,-0.013
4.885,0.020
4.890,0.036
4.895,0.049
4.900,0.076
4.905,0.093
4.910,0.096
4.915,0.105
4.920,0.116
4.925,0.113
4.930,0.110
4.935,0.111
4.940,0.099
4.945,0.088
4.950,0.092
4.955,0.089
4.960,0.076
4.965,0.074
4.970,0.070
4.975,0.052
4.980,0.044
4.985,0.047
4.990,0.039
4.995,0.031
5.000,0.031
5.005,0.023
5.010,0.017
5.015,0.020
5.020,0.016
5.025,0.001
5.030,-0.003
5.035,0.001
5.040,-0.007
5.045,-0.014
5.050,-0.008
5.055,-0.007
5.060,-0.013
5.065,-0.009
5.070,-0.010
5.075,-0.020
5.080,-0.017
5.085,-0.008
5.090,-0.012
5.095,-0.017
5.100,-0.008
5.105,-0.005
5.110,-0.015
5.115,-0.011
5.120,-0.001
5.125,-0.012
5.130,-0.019
5.135,-0.015
5.140,-0.022
5.145,-0.027
5.150,-0.015
5.155,-0.013
5.160,-0.020
5.165,-0.016
5.170,-0.014
5.175,-0.028
5.180,-0.048
5.185,-0.068
5.190,-0.090
5.195,-0.103
5.200,-0.101
5.205,-0.101
5.210,-0.117
5.215,-0.124
5.220,-0.113
5.225,-0.115
5.230,-0.113
5.235,-0.093
5.240,-0.071
5.245,-0.048
5.250,-0.017
5.255,0.016
5.260,0.044
5.265,0.056
5.270,0.053
5.275,0.053
5.280,0.064
5.285,0.071
5.290,0.056
5.295,0.049
5.300,0.059
5.305,0.056
5.310,0.045
5.315,0.054
5.320,0.060
5.325,0.015
5.330,-0.099
5.335,-0.308
5.340,-0.638
5.345,-1.063
5.350,-1.357
5.355,-1.168
5.360,-0.596
5.365,-0.058
5.370,0.215
5.375,0.254
5.380,0.290
5.385,0.328
5.390,0.288
5.395,0.268
5.400,0.281
5.405,0.276
5.410,0.259
5.415,0.255
5.420,0.252
5.425,0.237
5.430,0.224
5.435,0.213
5.440,0.194
5.445,0.177
5.450,0.174
5.455,0.174
5.460,0.157
5.465,0.142
5.470,0.142
5.475,0.130
5.480,0.114
5.485,0.105
5.490,0.093
5.495,0.087
5.500,0.084
5.505,0.066
5.510,0.045
5.515,0.039
5.520,0.032
5.525,0.019
5.530,0.012
5.535,0.008
5.540,-0.007
5.545,-0.018
5.550,-0.017
5.555,-0.026
5.560,-0.041
5.565,-0.042
5.570,-0.049
5.575,-0.066
5.580,-0.071
5.585,-0.070
5.590,-0.081
5.595,-0.087
5.600,-0.084
5.605,-0.089
5.610,-0.094
5.615,-0.078
5.620,-0.054
5.625,-0.043
5.630,-0.026
5.635,0.004
5.640,0.022
5.645,0.039
5.650,0.068
5.655,0.086
5.660,0.096
5.665,0.113
5.670,0.120
5.675,0.112
5.680,0.115
5.685,0.118
5.690,0.105
5.695,0.096
5.700,0.097
5.705,0.091
5.710,0.083
5.715,0.083
5.720,0.077
5.725,0.063
5.730,0.056
5.735,0.060
5.740,0.056
5.745,0.039
5.750,0.035
5.755,0.034
5.760,0.019
5.765,0.015
5.770,0.013
5.775,-0.005
5.780,-0.011
5.785,-0.006
5.790,-0.011
5.795,-0.015
5.800,-0.009
5.805,-0.015
5.810,-0.030
5.815,-0.025
5.820,-0.015
5.825,-0.020
5.830,-0.022
5.835,-0.016
5.840,-0.021
5.845,-0.030
5.850,-0.027
5.855,-0.024
5.860,-0.026
5.865,-0.019
5.870,-0.012
5.875,-0.021
5.880,-0.025
5.885,-0.020
5.890,-0.025
5.895,-0.028
5.900,-0.019
5.905,-0.020
5.910,-0.035
5.915,-0.034
5.920,-0.024
5.925,-0.027
5.930,-0.027
5.935,-0.020
5.940,-0.031
5.945,-0.043
5.950,-0.042
5.955,-0.051
5.960,-0.077
5.965,-0.086
5.970,-0.093
5.975,-0.104
5.980,-0.093
5.985,-0.094
5.990,-0.120
5.995,-0.125
6.000,-0.117
6.005,-0.123
6.010,-0.118
6.015,-0.081
6.020,-0.045
6.025,-0.030
6.030,-0.001
6.035,0.039
6.040,0.047
6.045,0.046
6.050,0.058
6.055,0.054
6.060,0.049
6.065,0.059
6.070,0.055
6.075,0.040
6.080,0.040
6.085,0.051
6.090,0.060
6.095,0.058
6.100,0.001
6.105,-0.162
6.110,-0.428
6.115,-0.804
6.120,-1.255
6.125,-1.421
6.130,-0.989
6.135,-0.317
6.140,0.122
6.145,0.280
6.150,0.312
6.155,0.316
6.160,0.292
6.165,0.276
6.170,0.273
6.175,0.261
6.180,0.261
6.185,0.262
6.190,0.243
6.195,0.229
6.200,0.228
6.205,0.215
6.210,0.194
6.215,0.187
6.220,0.182
6.225,0.172
6.230,0.164
6.235,0.149
6.240,0.134
6.245,0.134
6.250,0.128
6.255,0.107
6.260,0.091
6.265,0.088
6.270,0.079
6.275,0.068
6.280,0.065
6.285,0.057
6.290,0.039
6.295,0.033
6.300,0.037
6.305,0.022
6.310,0.003
6.315,0.000
6.320,-0.006
6.325,-0.021
6.330,-0.028
6.335,-0.029
6.340,-0.035
6.345,-0.046
6.350,-0.052
6.355,-0.050
6.360,-0.055
6.365,-0.064
6.370,-0.063
6.375,-0.069
6.380,-0.073
6.385,-0.063
6.390,-0.059
6.395,-0.046
6.400,-0.018
6.405,-0.006
6.410,0.001
6.415,0.023
6.420,0.045
6.425,0.059
6.430,0.078
6.435,0.100
6.440,0.106
6.445,0.106
6.450,0.113
6.455,0.106
6.460,0.097
6.465,0.103
6.470,0.100
6.475,0.085
6.480,0.084
6.485,0.084
6.490,0.068
6.495,0.055
6.500,0.057
6.505,0.054
6.510,0.043
6.515,0.036
6.520,0.028
6.525,0.013
6.530,0.008
6.535,0.012
6.540,0.001
6.545,-0.010
6.550,-0.006
6.555,-0.006
6.560,-0.012
6.565,-0.011
6.570,-0.012
6.575,-0.015
6.580,-0.012
6.585,-0.010
6.590,-0.016
6.595,-0.019
6.600,-0.013
6.605,-0.014
6.610,-0.015
6.615,-0.007
6.620,-0.007
6.625,-0.018
6.630,-0.014
6.635,-0.007
6.640,-0.014
6.645,-0.014
6.650,-0.010
6.655,-0.014
6.660,-0.018
6.665,-0.009
6.670,-0.005
6.675,-0.013
6.680,-0.012
6.685,-0.010
6.690,-0.021
6.695,-0.025
6.700,-0.026
6.705,-0.047
6.710,-0.069
6.715,-0.072
6.720,-0.083
6.725,-0.098
6.730,-0.093
6.735,-0.100
6.740,-0.122
6.745,-0.123
6.750,-0.113
6.755,-0.116
6.760,-0.115
6.765,-0.082
6.770,-0.048
6.775,-0.031
6.780,0.001
6.785,0.029
6.790,0.033
6.795,0.040
6.800,0.053
6.805,0.051
6.810,0.046
6.815,0.053
6.820,0.052
6.825,0.037
6.830,0.033
6.835,0.047
6.840,0.062
6.845,0.054
6.850,-0.014
6.855,-0.187
6.860,-0.469
6.865,-0.850
6.870,-1.292
6.875,-1.456
6.880,-1.028
6.885,-0.346
6.890,0.119
6.895,0.286
6.900,0.314
6.905,0.330
6.910,0.313
6.915,0.285
6.920,0.276
6.925,0.265
6.930,0.266
6.935,0.268
6.940,0.251
6.945,0.239
6.950,0.239
6.955,0.228
6.960,0.211
6.965,0.204
6.970,0.193
6.975,0.175
6.980,0.163
6.985,0.155
6.990,0.144
6.995,0.135
7.000,0.130
7.005,0.115
7.010,0.101
7.015,0.099
7.020,0.086
7.025,0.067
7.030,0.061
7.035,0.057
7.040,0.043
7.045,0.030
7.050,0.025
7.055,0.014
7.060,0.004
7.065,0.004
7.070,-0.008
7.075,-0.024
7.080,-0.026
7.085,-0.035
7.090,-0.054
7.095,-0.066
7.100,-0.065
7.105,-0.070
7.110,-0.080
7.115,-0.077
7.120,-0.076
7.125,-0.084
7.130,-0.084
7.135,-0.078
7.140,-0.072
7.145,-0.053
7.150,-0.024
7.155,-0.006
7.160,0.011
7.165,0.038
7.170,0.058
7.175,0.070
7.180,0.091
7.185,0.109
7.190,0.113
7.195,0.117
7.200,0.123
7.205,0.115
7.210,0.106
7.215,0.107
7.220,0.103
7.225,0.088
7.230,0.084
7.235,0.085
7.240,0.074
7.245,0.067
7.250,0.067
7.255,0.058
7.260,0.044
7.265,0.041
7.270,0.031
7.275,0.016
7.280,0.018
7.285,0.023
7.290,0.010
7.295,0.000
7.300,0.003
7.305,-0.002
7.310,-0.011
7.315,-0.009
7.320,-0.014
7.325,-0.024
7.330,-0.020
7.335,-0.013
7.340,-0.017
7.345,-0.017
7.350,-0.011
7.355,-0.017
7.360,-0.022
7.365,-0.014
7.370,-0.013
7.375,-0.021
7.380,-0.021
7.385,-0.015
7.390,-0.017
7.395,-0.015
7.400,-0.009
7.405,-0.017
7.410,-0.024
7.415,-0.017
7.420,-0.014
7.425,-0.022
7.430,-0.022
7.435,-0.016
7.440,-0.019
7.445,-0.021
7.450,-0.017
7.455,-0.022
7.460,-0.030
7.465,-0.024
7.470,-0.019
7.475,-0.027
7.480,-0.026
7.485,-0.022
7.490,-0.030
7.495,-0.029
7.500,-0.022
7.505,-0.027
7.510,-0.034
7.515,-0.029
7.520,-0.030
7.525,-0.036
7.530,-0.030
7.535,-0.023
7.540,-0.027
7.545,-0.033
7.550,-0.039
7.555,-0.058
7.560,-0.081
7.565,-0.090
7.570,-0.096
7.575,-0.102
7.580,-0.105
7.585,-0.119
7.590,-0.131
7.595,-0.122
7.600,-0.109
7.605,-0.116
7.610,-0.112
7.615,-0.073
7.620,-0.036
7.625,-0.016
7.630,0.014
7.635,0.044
7.640,0.052
7.645,0.060
7.650,0.069
7.655,0.063
7.660,0.057
7.665,0.062
7.670,0.059
7.675,0.052
7.680,0.059
7.685,0.071
7.690,0.064
7.695,0.007
7.700,-0.130
7.705,-0.376
7.710,-0.731
7.715,-1.159
7.720,-1.407
7.725,-1.132
7.730,-0.499
7.735,0.034
7.740,0.257
7.745,0.280
7.750,0.315
7.755,0.331
7.760,0.296
7.765,0.291
7.770,0.290
7.775,0.281
7.780,0.275
7.785,0.270
7.790,0.256
7.795,0.246
7.800,0.244
7.805,0.230
7.810,0.213
7.815,0.208
7.820,0.204
7.825,0.189
7.830,0.177
7.835,0.167
7.840,0.151
7.845,0.141
7.850,0.138
7.855,0.125
7.860,0.108
7.865,0.103
7.870,0.095
7.875,0.076
7.880,0.067
7.885,0.061
7.890,0.044
7.895,0.036
7.900,0.042
7.905,0.029
7.910,0.008
7.915,0.004
7.920,-0.005
7.925,-0.021
7.930,-0.022
7.935,-0.027
7.940,-0.048
7.945,-0.056
7.950,-0.052
7.955,-0.066
7.960,-0.080
7.965,-0.077
7.970,-0.079
7.975,-0.087
7.980,-0.081
7.985,-0.071
7.990,-0.071
7.995,-0.058
8.000,-0.032
8.005,-0.011
8.010,0.008
8.015,0.037
8.020,0.058
8.025,0.073
8.030,0.097
8.035,0.114
8.040,0.112
8.045,0.115
8.050,0.128
8.055,0.123
8.060,0.111
8.065,0.111
8.070,0.105
8.075,0.093
8.080,0.093
8.085,0.096
8.090,0.083
8.095,0.073
8.100,0.073
8.105,0.061
8.110,0.047
8.115,0.045
8.120,0.040
8.125,0.029
8.130,0.025
8.135,0.026
8.140,0.016
8.145,0.007
8.150,0.009
8.155,0.001
8.160,-0.008
8.165,-0.004
8.170,-0.007
8.175,-0.016
8.180,-0.009
8.185,-0.002
8.190,-0.007
8.195,-0.010
8.200,-0.007
8.205,-0.010
8.210,-0.014
8.215,-0.008
8.220,-0.006
8.225,-0.011
8.230,-0.008
8.235,-0.004
8.240,-0.013
8.245,-0.014
8.250,-0.011
8.255,-0.017
8.260,-0.019
8.265,-0.011
8.270,-0.009
8.275,-0.017
8.280,-0.017
8.285,-0.016
8.290,-0.024
8.295,-0.022
8.300,-0.016
8.305,-0.026
8.310,-0.032
8.315,-0.022
8.320,-0.023
8.325,-0.033
8.330,-0.028
8.335,-0.021
8.340,-0.028
8.345,-0.029
8.350,-0.022
8.355,-0.024
8.360,-0.026
8.365,-0.022
8.370,-0.026
8.375,-0.035
8.380,-0.032
8.385,-0.029
8.390,-0.045
8.395,-0.062
8.400,-0.073
8.405,-0.092
8.410,-0.104
8.415,-0.098
8.420,-0.105
8.425,-0.131
8.430,-0.140
8.435,-0.123
8.440,-0.114
8.445,-0.119
8.450,-0.111
8.455,-0.092
8.460,-0.060
8.465,-0.018
8.470,0.010
8.475,0.031
8.480,0.054
8.485,0.063
8.490,0.058
8.495,0.061
8.500,0.065
8.505,0.060
8.510,0.056
8.515,0.057
8.520,0.052
8.525,0.052
8.530,0.068
8.535,0.065
8.540,-0.005
8.545,-0.152
8.550,-0.391
8.555,-0.747
8.560,-1.177
8.565,-1.377
8.570,-1.060
8.575,-0.469
8.580,0.024
8.585,0.248
8.590,0.262
8.595,0.300
8.600,0.327
8.605,0.288
8.610,0.275
8.615,0.283
8.620,0.279
8.625,0.262
8.630,0.254
8.635,0.249
8.640,0.232
8.645,0.223
8.650,0.220
8.655,0.203
8.660,0.189
8.665,0.188
8.670,0.179
8.675,0.162
8.680,0.152
8.685,0.145
8.690,0.132
8.695,0.121
8.700,0.118
8.705,0.105
8.710,0.086
8.715,0.081
8.720,0.074
8.725,0.056
8.730,0.049
8.735,0.043
8.740,0.026
8.745,0.017
8.750,0.019
8.755,0.006
8.760,-0.013
8.765,-0.017
8.770,-0.023
8.775,-0.035
8.780,-0.041
8.785,-0.050
8.790,-0.063
8.795,-0.066
8.800,-0.066
8.805,-0.077
8.810,-0.082
8.815,-0.077
8.820,-0.078
8.825,-0.083
8.830,-0.077
8.835,-0.062
8.840,-0.050
8.845,-0.030
8.850,-0.001
8.855,0.014
8.860,0.031
8.865,0.062
8.870,0.081
8.875,0.087
8.880,0.103
8.885,0.120
8.890,0.117
8.895,0.114
8.900,0.119
8.905,0.111
8.910,0.102
8.915,0.103
8.920,0.098
8.925,0.087
8.930,0.086
8.935,0.083
8.940,0.068
8.945,0.059
8.950,0.056
8.955,0.044
8.960,0.032
8.965,0.033
8.970,0.031
8.975,0.019
8.980,0.016
8.985,0.016
8.990,0.004
8.995,-0.001
9.000,0.003
9.005,-0.005
9.010,-0.009
9.015,-0.002
9.020,-0.003
9.025,-0.011
9.030,-0.014
9.035,-0.014
9.040,-0.015
9.045,-0.011
9.050,-0.009
9.055,-0.016
9.060,-0.015
9.065,-0.004
9.070,-0.007
9.075,-0.014
9.080,-0.011
9.085,-0.011
9.090,-0.020
9.095,-0.016
9.100,-0.008
9.105,-0.012
9.110,-0.019
9.115,-0.016
9.120,-0.021
9.125,-0.029
9.130,-0.021
9.135,-0.016
9.140,-0.027
9.145,-0.027
9.150,-0.018
9.155,-0.021
9.160,-0.022
9.165,-0.018
9.170,-0.022
9.175,-0.023
9.180,-0.021
9.185,-0.025
9.190,-0.032
9.195,-0.028
9.200,-0.023
9.205,-0.031
9.210,-0.034
9.215,-0.027
9.220,-0.032
9.225,-0.032
9.230,-0.019
9.235,-0.020
9.240,-0.029
9.245,-0.031
9.250,-0.028
9.255,-0.037
9.260,-0.058
9.265,-0.069
9.270,-0.083
9.275,-0.104
9.280,-0.100
9.285,-0.095
9.290,-0.121
9.295,-0.138
9.300,-0.118
9.305,-0.109
9.310,-0.117
9.315,-0.109
9.320,-0.090
9.325,-0.060
9.330,-0.018
9.335,0.012
9.340,0.033
9.345,0.057
9.350,0.072
9.355,0.066
9.360,0.060
9.365,0.062
9.370,0.059
9.375,0.055
9.380,0.059
9.385,0.057
9.390,0.054
9.395,0.072
9.400,0.075
9.405,0.001
9.410,-0.158
9.415,-0.406
9.420,-0.778
9.425,-1.220
9.430,-1.352
9.435,-0.934
9.440,-0.318
9.445,0.118
9.450,0.275
9.455,0.287
9.460,0.320
9.465,0.308
9.470,0.264
9.475,0.262
9.480,0.270
9.485,0.265
9.490,0.253
9.495,0.249
9.500,0.245
9.505,0.229
9.510,0.216
9.515,0.206
9.520,0.190
9.525,0.179
9.530,0.174
9.535,0.161
9.540,0.142
9.545,0.131
9.550,0.122
9.555,0.114
9.560,0.109
9.565,0.107
9.570,0.094
9.575,0.074
9.580,0.073
9.585,0.079
9.590,0.057
9.595,0.036
9.600,0.030
9.605,0.017
9.610,0.012
9.615,0.013
9.620,0.001
9.625,-0.016
9.630,-0.017
9.635,-0.016
9.640,-0.032
9.645,-0.046
9.650,-0.045
9.655,-0.058
9.660,-0.068
9.665,-0.057
9.670,-0.059
9.675,-0.075
9.680,-0.074
9.685,-0.070
9.690,-0.079
9.695,-0.072
9.700,-0.053
9.705,-0.048
9.710,-0.038
9.715,-0.007
9.720,0.022
9.725,0.039
9.730,0.060
9.735,0.073
9.740,0.072
9.745,0.087
9.750,0.112
9.755,0.116
9.760,0.108
9.765,0.108
9.770,0.105
9.775,0.098
9.780,0.097
9.785,0.092
9.790,0.076
9.795,0.068
9.800,0.072
9.805,0.069
9.810,0.063
9.815,0.064
9.820,0.052
9.825,0.035
9.830,0.033
9.835,0.028
9.840,0.013
9.845,0.007
9.850,0.010
9.855,0.002
9.860,-0.003
9.865,0.001
9.870,-0.004
9.875,-0.019
9.880,-0.019
9.885,-0.007
9.890,-0.009
9.895,-0.010
9.900,-0.012
9.905,-0.025
9.910,-0.020
9.915,-0.006
9.920,-0.010
9.925,-0.012
9.930,-0.005
9.935,-0.003
9.940,-0.005
9.945,0.001
9.950,0.004
9.955,-0.014
9.960,-0.029
9.965,-0.038
9.970,-0.062
9.975,-0.087
9.980,-0.082
9.985,-0.064
9.990,-0.070
9.995,-0.094
10.000,-0.111
10.005,-0.120
10.010,-0.116
10.015,-0.101
10.020,-0.084
10.025,-0.057
10.030,-0.032
10.035,-0.011
10.040,0.015
10.045,0.047
10.050,0.066
10.055,0.060
10.060,0.052
10.065,0.056
10.070,0.056
10.075,0.056
10.080,0.058
10.085,0.039
10.090,0.027
10.095,0.048
10.100,0.070
10.105,0.056
10.110,-0.028
10.115,-0.212
10.120,-0.494
10.125,-0.881
10.130,-1.314
10.135,-1.406
10.140,-0.906
10.145,-0.217
10.150,0.207
10.155,0.318
10.160,0.307
10.165,0.301
10.170,0.276
10.175,0.248
10.180,0.252
10.185,0.260
10.190,0.243
10.195,0.226
10.200,0.217
10.205,0.203
10.210,0.197
10.215,0.199
10.220,0.187
10.225,0.171
10.230,0.167
10.235,0.157
10.240,0.132
10.245,0.116
10.250,0.109
10.255,0.101
10.260,0.104
10.265,0.102
10.270,0.072
10.275,0.063
10.280,0.075
10.285,0.059
10.290,0.040
10.295,0.042
10.300,0.029
10.305,0.003
10.310,0.003
10.315,0.017
10.320,0.010
10.325,-0.022
10.330,-0.042
10.335,-0.049
10.340,-0.054
10.345,-0.039
10.350,-0.037
10.355,-0.060
10.360,-0.065
10.365,-0.076
10.370,-0.100
10.375,-0.090
10.380,-0.066
10.385,-0.061
10.390,-0.070
10.395,-0.068
10.400,-0.041
10.405,-0.020
10.410,-0.014
10.415,0.016
10.420,0.058
10.425,0.073
10.430,0.086
10.435,0.106
10.440,0.092
10.445,0.095
10.450,0.132
10.455,0.136
10.460,0.128
10.465,0.132
10.470,0.114
10.475,0.097
10.480,0.098
10.485,0.093
10.490,0.084
10.495,0.085
10.500,0.077
10.505,0.072
10.510,0.077
10.515,0.063
10.520,0.034
10.525,0.030
10.530,0.039
10.535,0.022
10.540,0.009
10.545,0.011
10.550,0.007
10.555,0.003
10.560,0.005
10.565,0.006
10.570,-0.006
10.575,-0.024
10.580,-0.030
10.585,-0.013
10.590,-0.007
10.595,-0.012
10.600,0.000
10.605,-0.017
10.610,-0.047
10.615,-0.036
10.620,-0.024
10.625,-0.011
10.630,0.007
10.635,-0.005
10.640,-0.026
10.645,-0.015
10.650,-0.004
10.655,-0.015
10.660,-0.015
10.665,-0.012
10.670,-0.033
10.675,-0.052
10.680,-0.045
10.685,-0.051
10.690,-0.086
10.695,-0.096
10.700,-0.081
10.705,-0.096
10.710,-0.109
10.715,-0.089
10.720,-0.083
10.725,-0.100
10.730,-0.092
10.735,-0.065
10.740,-0.035
10.745,0.015
10.750,0.053
10.755,0.049
10.760,0.039
10.765,0.049
10.770,0.063
10.775,0.076
10.780,0.075
10.785,0.045
10.790,0.024
10.795,0.032
10.800,0.054
10.805,0.064
10.810,0.050
10.815,-0.026
10.820,-0.232
10.825,-0.550
10.830,-0.939
10.835,-1.359
10.840,-1.467
10.845,-0.936
10.850,-0.168
10.855,0.314
10.860,0.453
10.865,0.419
10.870,0.359
10.875,0.290
10.880,0.256
10.885,0.254
10.890,0.239
10.895,0.238
10.900,0.236
10.905,0.220
10.910,0.206
10.915,0.189
10.920,0.186
10.925,0.180
10.930,0.157
10.935,0.146
10.940,0.144
10.945,0.142
10.950,0.139
10.955,0.111
10.960,0.093
10.965,0.089
10.970,0.076
10.975,0.079
10.980,0.073
10.985,0.055
10.990,0.044
10.995,0.037
11.000,0.034
11.005,0.024
11.010,0.005
11.015,-0.013
11.020,-0.014
11.025,-0.007
11.030,-0.020
11.035,-0.048
11.040,-0.058
11.045,-0.054
11.050,-0.055
11.055,-0.071
11.060,-0.093
11.065,-0.098
11.070,-0.094
11.075,-0.100
11.080,-0.100
11.085,-0.103
11.090,-0.108
11.095,-0.097
11.100,-0.085
11.105,-0.076
11.110,-0.053
11.115,-0.022
11.120,0.005
11.125,0.032
11.130,0.060
11.135,0.077
11.140,0.099
11.145,0.122
11.150,0.124
11.155,0.126
11.160,0.136
11.165,0.130
11.170,0.119
11.175,0.110
11.180,0.107
11.185,0.108
11.190,0.102
11.195,0.104
11.200,0.104
11.205,0.085
11.210,0.072
11.215,0.080
11.220,0.089
11.225,0.077
11.230,0.061
11.235,0.053
11.240,0.043
11.245,0.032
11.250,0.028
11.255,0.023
11.260,0.015
11.265,0.017
11.270,0.014
11.275,-0.011
11.280,-0.027
11.285,-0.023
11.290,-0.016
11.295,-0.014
11.300,-0.020
11.305,-0.028
11.310,-0.025
11.315,-0.023
11.320,-0.032
11.325,-0.025
11.330,-0.002
11.335,-0.004
11.340,-0.021
11.345,-0.019
11.350,-0.014
11.355,-0.016
11.360,-0.022
11.365,-0.035
11.370,-0.048
11.375,-0.057
11.380,-0.060
11.385,-0.074
11.390,-0.085
11.395,-0.077
11.400,-0.077
11.405,-0.107
11.410,-0.125
11.415,-0.112
11.420,-0.108
11.425,-0.115
11.430,-0.106
11.435,-0.093
11.440,-0.070
11.445,-0.027
11.450,0.006
11.455,0.019
11.460,0.037
11.465,0.053
11.470,0.053
11.475,0.051
11.480,0.052
11.485,0.044
11.490,0.024
11.495,0.023
11.500,0.036
11.505,0.031
11.510,0.033
11.515,0.027
11.520,-0.058
11.525,-0.239
11.530,-0.518
11.535,-0.917
11.540,-1.348
11.545,-1.448
11.550,-0.961
11.555,-0.243
11.560,0.251
11.565,0.409
11.570,0.377
11.575,0.339
11.580,0.304
11.585,0.290
11.590,0.288
11.595,0.258
11.600,0.239
11.605,0.229
11.610,0.222
11.615,0.215
11.620,0.189
11.625,0.179
11.630,0.195
11.635,0.197
11.640,0.180
11.645,0.169
11.650,0.163
11.655,0.141
11.660,0.113
11.665,0.104
11.670,0.104
11.675,0.099
11.680,0.091
11.685,0.077
11.690,0.062
11.695,0.046
11.700,0.039
11.705,0.042
11.710,0.052
11.715,0.057
11.720,0.038
11.725,0.014
11.730,0.004
11.735,-0.025
11.740,-0.057
11.745,-0.050
11.750,-0.035
11.755,-0.050
11.760,-0.081
11.765,-0.104
11.770,-0.109
11.775,-0.110
11.780,-0.102
11.785,-0.094
11.790,-0.103
11.795,-0.114
11.800,-0.088
11.805,-0.047
11.810,-0.052
11.815,-0.061
11.820,-0.027
11.825,0.011
11.830,0.047
11.835,0.063
11.840,0.057
11.845,0.082
11.850,0.123
11.855,0.128
11.860,0.121
11.865,0.147
11.870,0.173
11.875,0.150
11.880,0.125
11.885,0.134
11.890,0.126
11.895,0.108
11.900,0.113
11.905,0.097
11.910,0.089
11.915,0.107
11.920,0.092
11.925,0.073
11.930,0.078
11.935,0.051
11.940,0.006
11.945,0.002
11.950,0.019
11.955,0.025
11.960,0.016
11.965,0.001
11.970,-0.005
11.975,-0.012
11.980,-0.006
11.985,0.008
11.990,0.000
11.995,-0.027
12.000,-0.037
12.005,-0.019
12.010,-0.002
12.015,0.010
12.020,0.009
12.025,0.004
12.030,0.003
12.035,0.008
12.040,0.048
12.045,0.051
12.050,-0.006
12.055,-0.065
12.060,-0.109
12.065,-0.097
12.070,-0.046
12.075,-0.014
12.080,-0.021
12.085,-0.042
12.090,-0.058
12.095,-0.073
12.100,-0.072
12.105,-0.077
12.110,-0.077
12.115,-0.065
12.120,-0.076
12.125,-0.086
12.130,-0.080
12.135,-0.106
12.140,-0.147
12.145,-0.139
12.150,-0.090
12.155,-0.052
12.160,-0.005
12.165,0.050
12.170,0.064
12.175,0.040
12.180,0.017
12.185,0.026
12.190,0.052
12.195,0.060
12.200,0.042
12.205,0.012
12.210,0.032
12.215,0.069
12.220,0.050
12.225,0.041
12.230,0.009
12.235,-0.100
12.240,-0.253
12.245,-0.504
12.250,-0.914
12.255,-1.375
12.260,-1.465
12.265,-0.965
12.270,-0.286
12.275,0.147
12.280,0.285
12.285,0.304
12.290,0.319
12.295,0.300
12.300,0.279
12.305,0.268
12.310,0.255
12.315,0.266
12.320,0.283
12.325,0.276
12.330,0.258
12.335,0.234
12.340,0.195
12.345,0.149
12.350,0.141
12.355,0.171
12.360,0.146
12.365,0.108
12.370,0.115
12.375,0.151
12.380,0.169
12.385,0.116
12.390,0.074
12.395,0.098
12.400,0.099
12.405,0.087
12.410,0.062
12.415,-0.009
12.420,-0.024
12.425,0.015
12.430,0.017
12.435,-0.020
12.440,-0.034
12.445,0.008
12.450,0.032
12.455,-0.001
12.460,-0.027
12.465,-0.030
12.470,-0.042
12.475,-0.038
12.480,-0.043
12.485,-0.090
12.490,-0.105
12.495,-0.090
12.500,-0.091
12.505,-0.094
12.510,-0.089
12.515,-0.069
12.520,-0.053
12.525,-0.057
12.530,-0.048
12.535,-0.026
12.540,-0.001
12.545,0.049
12.550,0.090
12.555,0.092
12.560,0.086
12.565,0.094
12.570,0.104
12.575,0.130
12.580,0.160
12.585,0.130
12.590,0.082
12.595,0.100
12.600,0.122
12.605,0.111
12.610,0.099
12.615,0.084
12.620,0.076
12.625,0.069
12.630,0.058
12.635,0.073
12.640,0.086
12.645,0.074
12.650,0.082
12.655,0.112
12.660,0.120
12.665,0.072
12.670,0.035
12.675,0.070
12.680,0.103
12.685,0.085
12.690,0.081
12.695,0.137
12.700,0.133
12.705,0.001
12.710,-0.080
12.715,-0.009
12.720,0.010
12.725,-0.066
12.730,-0.010
12.735,0.051
12.740,-0.006
12.745,0.028
12.750,0.059
12.755,-0.004
12.760,0.015
12.765,0.035
12.770,-0.022
12.775,-0.037
12.780,-0.014
12.785,0.010
12.790,0.057
12.795,0.073
12.800,0.005
12.805,-0.094
12.810,-0.156
12.815,-0.145
12.820,-0.140
12.825,-0.200
12.830,-0.215
12.835,-0.172
12.840,-0.148
12.845,-0.141
12.850,-0.157
12.855,-0.180
12.860,-0.173
12.865,-0.141
12.870,-0.104
12.875,-0.070
12.880,-0.030
12.885,-0.019
12.890,-0.035
12.895,-0.031
12.900,-0.013
12.905,-0.006
12.910,-0.018
12.915,-0.039
12.920,-0.052
12.925,-0.032
12.930,-0.010
12.935,-0.029
12.940,-0.039
12.945,-0.042
12.950,-0.102
12.955,-0.245
12.960,-0.500
12.965,-0.864
12.970,-1.302
12.975,-1.513
12.980,-1.155
12.985,-0.505
12.990,0.002
12.995,0.240
13.000,0.286
13.005,0.307
13.010,0.298
13.015,0.256
13.020,0.240
13.025,0.247
13.030,0.268
13.035,0.268
13.040,0.263
13.045,0.275
13.050,0.269
13.055,0.239
13.060,0.209
13.065,0.203
13.070,0.205
13.075,0.190
13.080,0.189
13.085,0.195
13.090,0.186
13.095,0.181
13.100,0.165
13.105,0.142
13.110,0.140
13.115,0.154
13.120,0.146
13.125,0.106
13.130,0.097
13.135,0.113
13.140,0.106
13.145,0.094
13.150,0.084
13.155,0.061
13.160,0.052
13.165,0.062
13.170,0.047
13.175,0.013
13.180,0.001
13.185,0.008
13.190,-0.003
13.195,-0.012
13.200,-0.012
13.205,-0.038
13.210,-0.057
13.215,-0.048
13.220,-0.042
13.225,-0.037
13.230,-0.036
13.235,-0.057
13.240,-0.077
13.245,-0.038
13.250,0.024
13.255,0.014
13.260,0.007
13.265,0.071
13.270,0.106
13.275,0.111
13.280,0.114
13.285,0.099
13.290,0.123
13.295,0.179
13.300,0.171
13.305,0.116
13.310,0.114
13.315,0.145
13.320,0.138
13.325,0.118
13.330,0.115
13.335,0.101
13.340,0.077
13.345,0.068
13.350,0.081
13.355,0.083
13.360,0.053
13.365,0.029
13.370,0.021
13.375,0.022
13.380,0.040
13.385,0.033
13.390,0.000
13.395,-0.015
13.400,-0.016
13.405,0.010
13.410,0.041
13.415,0.008
13.420,-0.040
13.425,-0.018
13.430,0.021
13.435,0.006
13.440,-0.022
13.445,-0.024
13.450,-0.017
13.455,-0.009
13.460,-0.001
13.465,-0.017
13.470,-0.036
13.475,-0.023
13.480,-0.012
13.485,-0.021
13.490,-0.019
13.495,-0.028
13.500,-0.102
13.505,-0.171
13.510,-0.151
13.515,-0.078
13.520,-0.055
13.525,-0.101
13.530,-0.117
13.535,-0.106
13.540,-0.109
13.545,-0.105
13.550,-0.086
13.555,-0.062
13.560,-0.045
13.565,-0.016
13.570,0.015
13.575,0.031
13.580,0.036
13.585,0.038
13.590,0.035
13.595,0.026
13.600,0.021
13.605,0.036
13.610,0.053
13.615,0.041
13.620,0.026
13.625,0.042
13.630,0.054
13.635,0.024
13.640,-0.074
13.645,-0.290
13.650,-0.641
13.655,-1.102
13.660,-1.457
13.665,-1.311
13.670,-0.699
13.675,-0.106
13.680,0.196
13.685,0.272
13.690,0.303
13.695,0.313
13.700,0.271
13.705,0.239
13.710,0.238
13.715,0.251
13.720,0.264
13.725,0.262
13.730,0.251
13.735,0.235
13.740,0.215
13.745,0.215
13.750,0.212
13.755,0.194
13.760,0.182
13.765,0.166
13.770,0.138
13.775,0.122
13.780,0.120
13.785,0.101
13.790,0.088
13.795,0.099
13.800,0.115
13.805,0.128
13.810,0.122
13.815,0.110
13.820,0.079
13.825,0.052
13.830,0.057
13.835,0.040
13.840,0.003
13.845,-0.014
13.850,-0.026
13.855,-0.024
13.860,-0.004
13.865,-0.011
13.870,-0.038
13.875,-0.038
13.880,-0.025
13.885,-0.034
13.890,-0.041
13.895,-0.039
13.900,-0.062
13.905,-0.091
13.910,-0.088
13.915,-0.075
13.920,-0.071
13.925,-0.060
13.930,-0.048
13.935,-0.040
13.940,-0.020
13.945,0.010
13.950,0.031
13.955,0.046
13.960,0.064
13.965,0.084
13.970,0.096
13.975,0.094
13.980,0.105
13.985,0.122
13.990,0.115
13.995,0.111
14.000,0.111
14.005,0.106
14.010,0.106
14.015,0.095
14.020,0.083
14.025,0.086
14.030,0.088
14.035,0.072
14.040,0.051
14.045,0.050
14.050,0.049
14.055,0.029
14.060,0.019
14.065,0.033
14.070,0.038
14.075,0.030
14.080,0.026
14.085,0.014
14.090,0.010
14.095,0.025
14.100,0.027
14.105,0.009
14.110,0.000
14.115,0.000
14.120,0.008
14.125,0.019
14.130,0.012
14.135,-0.002
14.140,-0.005
14.145,0.009
14.150,0.024
14.155,0.017
14.160,0.002
14.165,0.003
14.170,0.003
14.175,-0.001
14.180,0.004
14.185,-0.015
14.190,-0.049
14.195,-0.061
14.200,-0.072
14.205,-0.094
14.210,-0.090
14.215,-0.066
14.220,-0.077
14.225,-0.102
14.230,-0.096
14.235,-0.090
14.240,-0.089
14.245,-0.060
14.250,-0.031
14.255,-0.023
14.260,0.002
14.265,0.041
14.270,0.050
14.275,0.050
14.280,0.070
14.285,0.070
14.290,0.047
14.295,0.030
14.300,0.016
14.305,0.034
14.310,0.075
14.315,0.092
14.320,0.083
14.325,0.069
14.330,0.031
14.335,-0.092
14.340,-0.325
14.345,-0.645
14.350,-1.062
14.355,-1.392
14.360,-1.217
14.365,-0.606
14.370,-0.049
14.375,0.227
14.380,0.286
14.385,0.306
14.390,0.309
14.395,0.280
14.400,0.267
14.405,0.259
14.410,0.254
14.415,0.249
14.420,0.233
14.425,0.225
14.430,0.225
14.435,0.207
14.440,0.184
14.445,0.181
14.450,0.177
14.455,0.160
14.460,0.152
14.465,0.148
14.470,0.128
14.475,0.119
14.480,0.115
14.485,0.091
14.490,0.077
14.495,0.082
14.500,0.077
14.505,0.060
14.510,0.046
14.515,0.031
14.520,0.013
14.525,0.010
14.530,0.015
14.535,0.007
14.540,-0.008
14.545,-0.012
14.550,-0.012
14.555,-0.028
14.560,-0.039
14.565,-0.036
14.570,-0.037
14.575,-0.049
14.580,-0.062
14.585,-0.073
14.590,-0.082
14.595,-0.074
14.600,-0.060
14.605,-0.069
14.610,-0.076
14.615,-0.068
14.620,-0.071
14.625,-0.072
14.630,-0.047
14.635,-0.022
14.640,-0.008
14.645,0.009
14.650,0.032
14.655,0.053
14.660,0.071
14.665,0.083
14.670,0.077
14.675,0.076
14.680,0.089
14.685,0.083
14.690,0.076
14.695,0.089
14.700,0.086
14.705,0.066
14.710,0.058
14.715,0.058
14.720,0.045
14.725,0.029
14.730,0.033
14.735,0.038
14.740,0.026
14.745,0.018
14.750,0.007
14.755,-0.009
14.760,-0.001
14.765,0.010
14.770,-0.007
14.775,-0.024
14.780,-0.016
14.785,-0.016
14.790,-0.031
14.795,-0.021
14.800,-0.013
14.805,-0.029
14.810,-0.023
14.815,-0.004
14.820,-0.008
14.825,-0.020
14.830,-0.016
14.835,-0.011
14.840,-0.018
14.845,-0.021
14.850,-0.023
14.855,-0.030
14.860,-0.035
14.865,-0.038
14.870,-0.055
14.875,-0.079
14.880,-0.084
14.885,-0.078
14.890,-0.088
14.895,-0.114
14.900,-0.128
14.905,-0.120
14.910,-0.105
14.915,-0.105
14.920,-0.103
14.925,-0.069
14.930,-0.025
14.935,0.007
14.940,0.030
14.945,0.040
14.950,0.043
14.955,0.045
14.960,0.051
14.965,0.056
14.970,0.048
14.975,0.045
14.980,0.050
14.985,0.043
14.990,0.040
14.995,0.061
15.000,0.075
15.005,0.016
15.010,-0.138
15.015,-0.392
15.020,-0.775
15.025,-1.239
15.030,-1.474
15.035,-1.120
15.040,-0.402
15.045,0.136
15.050,0.327
15.055,0.339
15.060,0.322
15.065,0.292
15.070,0.255
15.075,0.246
15.080,0.248
15.085,0.240
15.090,0.229
15.095,0.219
15.100,0.209
15.105,0.197
15.110,0.191
15.115,0.186
15.120,0.169
15.125,0.153
15.130,0.147
15.135,0.136
15.140,0.123
15.145,0.121
15.150,0.114
15.155,0.097
15.160,0.095
15.165,0.098
15.170,0.075
15.175,0.052
15.180,0.050
15.185,0.043
15.190,0.034
15.195,0.033
15.200,0.020
15.205,0.002
15.210,-0.003
15.215,-0.006
15.220,-0.014
15.225,-0.022
15.230,-0.024
15.235,-0.032
15.240,-0.042
15.245,-0.041
15.250,-0.044
15.255,-0.054
15.260,-0.056
15.265,-0.054
15.270,-0.063
15.275,-0.068
15.280,-0.062
15.285,-0.065
15.290,-0.066
15.295,-0.049
15.300,-0.035
15.305,-0.029
15.310,-0.017
15.315,0.006
15.320,0.025
15.325,0.039
15.330,0.061
15.335,0.075
15.340,0.081
15.345,0.089
15.350,0.088
15.355,0.081
15.360,0.084
15.365,0.090
15.370,0.084
15.375,0.075
15.380,0.073
15.385,0.066
15.390,0.055
15.395,0.055
15.400,0.049
15.405,0.032
15.410,0.028
15.415,0.031
15.420,0.021
15.425,0.017
15.430,0.023
15.435,0.013
15.440,0.003
15.445,0.007
15.450,0.003
15.455,-0.007
15.460,-0.003
15.465,-0.002
15.470,-0.013
15.475,-0.010
15.480,0.001
15.485,-0.003
15.490,-0.006
15.495,0.002
15.500,0.005
15.505,-0.003
15.510,-0.002
15.515,0.005
15.520,0.001
15.525,-0.004
15.530,-0.015
15.535,-0.037
15.540,-0.055
15.545,-0.068
15.550,-0.081
15.555,-0.079
15.560,-0.077
15.565,-0.095
15.570,-0.111
15.575,-0.103
15.580,-0.089
15.585,-0.089
15.590,-0.074
15.595,-0.036
15.600,-0.013
15.605,0.006
15.610,0.040
15.615,0.060
15.620,0.058
15.625,0.060
15.630,0.064
15.635,0.057
15.640,0.050
15.645,0.056
15.650,0.055
15.655,0.040
15.660,0.044
15.665,0.067
15.670,0.058
15.675,-0.023
15.680,-0.190
15.685,-0.469
15.690,-0.866
15.695,-1.304
15.700,-1.452
15.705,-1.026
15.710,-0.332
15.715,0.152
15.720,0.300
15.725,0.301
15.730,0.323
15.735,0.308
15.740,0.268
15.745,0.266
15.750,0.262
15.755,0.255
15.760,0.254
15.765,0.246
15.770,0.232
15.775,0.222
15.780,0.219
15.785,0.203
15.790,0.183
15.795,0.177
15.800,0.169
15.805,0.154
15.810,0.150
15.815,0.146
15.820,0.129
15.825,0.115
15.830,0.108
15.835,0.096
15.840,0.083
15.845,0.077
15.850,0.069
15.855,0.052
15.860,0.044
15.865,0.042
15.870,0.028
15.875,0.019
15.880,0.016
15.885,0.001
15.890,-0.007
15.895,-0.005
15.900,-0.012
15.905,-0.027
15.910,-0.036
15.915,-0.041
15.920,-0.054
15.925,-0.062
15.930,-0.060
15.935,-0.069
15.940,-0.077
15.945,-0.070
15.950,-0.068
15.955,-0.076
15.960,-0.071
15.965,-0.051
15.970,-0.039
15.975,-0.027
15.980,-0.009
15.985,0.004
15.990,0.021
15.995,0.049
16.000,0.064
16.005,0.068
16.010,0.081
16.015,0.090
16.020,0.088
16.025,0.089
16.030,0.095
16.035,0.093
16.040,0.085
16.045,0.085
16.050,0.079
16.055,0.062
16.060,0.059
16.065,0.057
16.070,0.043
16.075,0.039
16.080,0.040
16.085,0.029
16.090,0.019
16.095,0.020
16.100,0.013
16.105,-0.002
16.110,0.000
16.115,0.004
16.120,-0.005
16.125,-0.008
16.130,-0.005
16.135,-0.008
16.140,-0.007
16.145,0.000
16.150,-0.002
16.155,-0.009
16.160,-0.005
16.165,0.000
16.170,-0.008
16.175,-0.010
16.180,-0.006
16.185,-0.013
16.190,-0.021
16.195,-0.027
16.200,-0.049
16.205,-0.076
16.210,-0.087
16.215,-0.088
16.220,-0.088
16.225,-0.093
16.230,-0.104
16.235,-0.111
16.240,-0.108
16.245,-0.099
16.250,-0.095
16.255,-0.081
16.260,-0.048
16.265,-0.018
16.270,0.006
16.275,0.039
16.280,0.064
16.285,0.063
16.290,0.056
16.295,0.060
16.300,0.060
16.305,0.053
16.310,0.054
16.315,0.059
16.320,0.050
16.325,0.046
16.330,0.061
16.335,0.060
16.340,0.001
16.345,-0.136
16.350,-0.378
16.355,-0.733
16.360,-1.168
16.365,-1.440
16.370,-1.187
16.375,-0.537
16.380,0.025
16.385,0.257
16.390,0.275
16.395,0.306
16.400,0.318
16.405,0.274
16.410,0.264
16.415,0.273
16.420,0.270
16.425,0.267
16.430,0.259
16.435,0.241
16.440,0.230
16.445,0.225
16.450,0.213
16.455,0.198
16.460,0.191
16.465,0.181
16.470,0.168
16.475,0.159
16.480,0.151
16.485,0.134
16.490,0.116
16.495,0.109
16.500,0.099
16.505,0.082
16.510,0.080
16.515,0.082
16.520,0.064
16.525,0.049
16.530,0.050
16.535,0.039
16.540,0.022
16.545,0.015
16.550,0.007
16.555,-0.004
16.560,-0.005
16.565,-0.006
16.570,-0.021
16.575,-0.030
16.580,-0.032
16.585,-0.047
16.590,-0.071
16.595,-0.079
16.600,-0.079
16.605,-0.090
16.610,-0.089
16.615,-0.074
16.620,-0.073
16.625,-0.070
16.630,-0.057
16.635,-0.046
16.640,-0.033
16.645,-0.007
16.650,0.017
16.655,0.029
16.660,0.047
16.665,0.067
16.670,0.077
16.675,0.090
16.680,0.104
16.685,0.104
16.690,0.101
16.695,0.097
16.700,0.086
16.705,0.078
16.710,0.081
16.715,0.081
16.720,0.072
16.725,0.068
16.730,0.065
16.735,0.053
16.740,0.038
16.745,0.039
16.750,0.039
16.755,0.027
16.760,0.022
16.765,0.023
16.770,0.019
16.775,0.014
16.780,0.011
16.785,0.004
16.790,-0.001
16.795,0.003
16.800,-0.001
16.805,-0.013
16.810,-0.009
16.815,-0.002
16.820,-0.008
16.825,-0.009
16.830,-0.005
16.835,-0.009
16.840,-0.013
16.845,-0.015
16.850,-0.027
16.855,-0.049
16.860,-0.061
16.865,-0.072
16.870,-0.091
16.875,-0.089
16.880,-0.080
16.885,-0.098
16.890,-0.113
16.895,-0.102
16.900,-0.099
16.905,-0.107
16.910,-0.088
16.915,-0.052
16.920,-0.026
16.925,0.000
16.930,0.038
16.935,0.059
16.940,0.060
16.945,0.064
16.950,0.065
16.955,0.062
16.960,0.064
16.965,0.060
16.970,0.048
16.975,0.047
16.980,0.052
16.985,0.056
16.990,0.061
16.995,0.036
17.000,-0.071
17.005,-0.283
17.010,-0.590
17.015,-1.002
17.020,-1.385
17.025,-1.317
17.030,-0.741
17.035,-0.131
17.040,0.199
17.045,0.276
17.050,0.292
17.055,0.310
17.060,0.287
17.065,0.268
17.070,0.260
17.075,0.257
17.080,0.258
17.085,0.249
17.090,0.243
17.095,0.237
17.100,0.221
17.105,0.204
17.110,0.196
17.115,0.188
17.120,0.171
17.125,0.165
17.130,0.166
17.135,0.149
17.140,0.129
17.145,0.127
17.150,0.121
17.155,0.103
17.160,0.097
17.165,0.093
17.170,0.076
17.175,0.067
17.180,0.066
17.185,0.050
17.190,0.030
17.195,0.024
17.200,0.023
17.205,0.013
17.210,0.006
17.215,0.001
17.220,-0.016
17.225,-0.026
17.230,-0.025
17.235,-0.037
17.240,-0.048
17.245,-0.047
17.250,-0.053
17.255,-0.064
17.260,-0.066
17.265,-0.067
17.270,-0.072
17.275,-0.067
17.280,-0.062
17.285,-0.065
17.290,-0.059
17.295,-0.040
17.300,-0.025
17.305,-0.014
17.310,0.008
17.315,0.035
17.320,0.047
17.325,0.058
17.330,0.080
17.335,0.091
17.340,0.092
17.345,0.097
17.350,0.092
17.355,0.083
17.360,0.082
17.365,0.076
17.370,0.064
17.375,0.056
17.380,0.054
17.385,0.052
17.390,0.048
17.395,0.044
17.400,0.036
17.405,0.022
17.410,0.019
17.415,0.018
17.420,0.006
17.425,0.001
17.430,0.006
17.435,0.001
17.440,-0.006
17.445,-0.001
17.450,-0.002
17.455,-0.011
17.460,-0.012
17.465,-0.011
17.470,-0.015
17.475,-0.014
17.480,-0.010
17.485,-0.015
17.490,-0.016
17.495,-0.012
17.500,-0.025
17.505,-0.052
17.510,-0.069
17.515,-0.081
17.520,-0.094
17.525,-0.088
17.530,-0.082
17.535,-0.106
17.540,-0.117
17.545,-0.102
17.550,-0.103
17.555,-0.106
17.560,-0.082
17.565,-0.052
17.570,-0.033
17.575,0.001
17.580,0.039
17.585,0.048
17.590,0.048
17.595,0.059
17.600,0.060
17.605,0.054
17.610,0.058
17.615,0.058
17.620,0.046
17.625,0.040
17.630,0.044
17.635,0.051
17.640,0.055
17.645,0.024
17.650,-0.097
17.655,-0.324
17.660,-0.642
17.665,-1.056
17.670,-1.379
17.675,-1.205
17.680,-0.600
17.685,-0.051
17.690,0.206
17.695,0.252
17.700,0.284
17.705,0.303
17.710,0.274
17.715,0.263
17.720,0.253
17.725,0.247
17.730,0.253
17.735,0.244
17.740,0.231
17.745,0.230
17.750,0.219
17.755,0.198
17.760,0.190
17.765,0.183
17.770,0.165
17.775,0.158
17.780,0.151
17.785,0.131
17.790,0.119
17.795,0.117
17.800,0.105
17.805,0.087
17.810,0.079
17.815,0.075
17.820,0.065
17.825,0.053
17.830,0.044
17.835,0.031
17.840,0.020
17.845,0.020
17.850,0.011
17.855,-0.002
17.860,-0.006
17.865,-0.012
17.870,-0.026
17.875,-0.035
17.880,-0.038
17.885,-0.044
17.890,-0.049
17.895,-0.048
17.900,-0.055
17.905,-0.066
17.910,-0.065
17.915,-0.068
17.920,-0.081
17.925,-0.081
17.930,-0.070
17.935,-0.066
17.940,-0.052
17.945,-0.029
17.950,-0.014
17.955,0.001
17.960,0.022
17.965,0.044
17.970,0.057
17.975,0.071
17.980,0.082
17.985,0.082
17.990,0.087
17.995,0.102
18.000,0.101
18.005,0.087
18.010,0.085
18.015,0.084
18.020,0.068
18.025,0.060
18.030,0.059
18.035,0.048
18.040,0.041
18.045,0.042
18.050,0.033
18.055,0.023
18.060,0.025
18.065,0.024
18.070,0.015
18.075,0.014
18.080,0.017
18.085,0.013
18.090,0.010
18.095,0.008
18.100,0.002
18.105,0.001
18.110,0.004
18.115,0.001
18.120,-0.006
18.125,-0.004
18.130,0.002
18.135,-0.001
18.140,-0.006
18.145,-0.004
18.150,-0.016
18.155,-0.043
18.160,-0.061
18.165,-0.072
18.170,-0.081
18.175,-0.076
18.180,-0.078
18.185,-0.099
18.190,-0.100
18.195,-0.088
18.200,-0.098
18.205,-0.096
18.210,-0.059
18.215,-0.025
18.220,-0.014
18.225,0.012
18.230,0.050
18.235,0.057
18.240,0.060
18.245,0.075
18.250,0.073
18.255,0.064
18.260,0.059
18.265,0.050
18.270,0.043
18.275,0.043
18.280,0.045
18.285,0.053
18.290,0.062
18.295,0.042
18.300,-0.062
18.305,-0.270
18.310,-0.571
18.315,-0.976
18.320,-1.333
18.325,-1.243
18.330,-0.700
18.335,-0.139
18.340,0.169
18.345,0.233
18.350,0.263
18.355,0.299
18.360,0.273
18.365,0.252
18.370,0.249
18.375,0.251
18.380,0.250
18.385,0.234
18.390,0.221
18.395,0.217
18.400,0.207
18.405,0.192
18.410,0.187
18.415,0.177
18.420,0.155
18.425,0.146
18.430,0.150
18.435,0.136
18.440,0.113
18.445,0.106
18.450,0.097
18.455,0.084
18.460,0.085
18.465,0.081
18.470,0.064
18.475,0.054
18.480,0.047
18.485,0.030
18.490,0.021
18.495,0.024
18.500,0.016
18.505,0.003
18.510,-0.001
18.515,-0.007
18.520,-0.025
18.525,-0.037
18.530,-0.043
18.535,-0.051
18.540,-0.051
18.545,-0.053
18.550,-0.065
18.555,-0.070
18.560,-0.066
18.565,-0.071
18.570,-0.083
18.575,-0.082
18.580,-0.077
18.585,-0.074
18.590,-0.065
18.595,-0.046
18.600,-0.025
18.605,-0.001
18.610,0.026
18.615,0.037
18.620,0.032
18.625,0.050
18.630,0.076
18.635,0.074
18.640,0.072
18.645,0.082
18.650,0.082
18.655,0.083
18.660,0.094
18.665,0.087
18.670,0.066
18.675,0.060
18.680,0.061
18.685,0.054
18.690,0.048
18.695,0.052
18.700,0.043
18.705,0.033
18.710,0.036
18.715,0.035
18.720,0.027
18.725,0.026
18.730,0.025
18.735,0.015
18.740,0.012
18.745,0.021
18.750,0.018
18.755,0.002
18.760,0.005
18.765,0.014
18.770,0.004
18.775,-0.002
18.780,0.005
18.785,0.008
18.790,0.009
18.795,0.006
18.800,-0.013
18.805,-0.033
18.810,-0.042
18.815,-0.056
18.820,-0.077
18.825,-0.083
18.830,-0.070
18.835,-0.076
18.840,-0.102
18.845,-0.107
18.850,-0.107
18.855,-0.113
18.860,-0.102
18.865,-0.081
18.870,-0.061
18.875,-0.030
18.880,0.011
18.885,0.042
18.890,0.055
18.895,0.062
18.900,0.070
18.905,0.071
18.910,0.061
18.915,0.051
18.920,0.049
18.925,0.050
18.930,0.054
18.935,0.052
18.940,0.051
18.945,0.071
18.950,0.064
18.955,-0.026
18.960,-0.211
18.965,-0.491
18.970,-0.889
18.975,-1.301
18.980,-1.322
18.985,-0.797
18.990,-0.170
18.995,0.184
19.000,0.285
19.005,0.303
19.010,0.302
19.015,0.266
19.020,0.244
19.025,0.255
19.030,0.256
19.035,0.236
19.040,0.221
19.045,0.219
19.050,0.212
19.055,0.199
19.060,0.190
19.065,0.183
19.070,0.172
19.075,0.163
19.080,0.152
19.085,0.136
19.090,0.127
19.095,0.122
19.100,0.111
19.105,0.099
19.110,0.089
19.115,0.079
19.120,0.068
19.125,0.058
19.130,0.054
19.135,0.045
19.140,0.036
19.145,0.036
19.150,0.025
19.155,0.014
19.160,0.017
19.165,0.007
19.170,-0.013
19.175,-0.017
19.180,-0.013
19.185,-0.013
19.190,-0.014
19.195,-0.016
19.200,-0.027
19.205,-0.038
19.210,-0.038
19.215,-0.045
19.220,-0.051
19.225,-0.039
19.230,-0.036
19.235,-0.046
19.240,-0.034
19.245,-0.018
19.250,-0.031
19.255,-0.037
19.260,-0.013
19.265,0.011
19.270,0.023
19.275,0.039
19.280,0.052
19.285,0.052
19.290,0.058
19.295,0.075
19.300,0.078
19.305,0.067
19.310,0.062
19.315,0.054
19.320,0.047
19.325,0.054
19.330,0.047
19.335,0.028
19.340,0.028
19.345,0.037
19.350,0.025
19.355,0.008
19.360,0.013
19.365,0.014
19.370,0.001
19.375,-0.001
19.380,0.000
19.385,-0.009
19.390,-0.009
19.395,-0.005
19.400,-0.009
19.405,-0.011
19.410,-0.007
19.415,-0.006
19.420,-0.012
19.425,-0.011
19.430,-0.003
19.435,-0.007
19.440,-0.005
19.445,0.001
19.450,-0.008
19.455,-0.013
19.460,-0.003
19.465,-0.006
19.470,-0.023
19.475,-0.035
19.480,-0.051
19.485,-0.069
19.490,-0.076
19.495,-0.073
19.500,-0.070
19.505,-0.082
19.510,-0.101
19.515,-0.108
19.520,-0.110
19.525,-0.110
19.530,-0.096
19.535,-0.069
19.540,-0.040
19.545,-0.016
19.550,0.009
19.555,0.033
19.560,0.053
19.565,0.060
19.570,0.058
19.575,0.061
19.580,0.057
19.585,0.045
19.590,0.042
19.595,0.041
19.600,0.033
19.605,0.037
19.610,0.061
19.615,0.054
19.620,-0.037
19.625,-0.215
19.630,-0.488
19.635,-0.886
19.640,-1.313
19.645,-1.382
19.650,-0.884
19.655,-0.217
19.660,0.195
19.665,0.301
19.670,0.293
19.675,0.300
19.680,0.279
19.685,0.250
19.690,0.247
19.695,0.253
19.700,0.247
19.705,0.233
19.710,0.227
19.715,0.215
19.720,0.195
19.725,0.190
19.730,0.185
19.735,0.168
19.740,0.154
19.745,0.147
19.750,0.139
19.755,0.124
19.760,0.117
19.765,0.114
19.770,0.101
19.775,0.093
19.780,0.084
19.785,0.068
19.790,0.064
19.795,0.059
19.800,0.041
19.805,0.028
19.810,0.025
19.815,0.015
19.820,0.005
19.825,0.005
19.830,0.003
19.835,-0.009
19.840,-0.015
19.845,-0.015
19.850,-0.026
19.855,-0.039
19.860,-0.038
19.865,-0.043
19.870,-0.052
19.875,-0.048
19.880,-0.045
19.885,-0.053
19.890,-0.055
19.895,-0.049
19.900,-0.050
19.905,-0.052
19.910,-0.040
19.915,-0.028
19.920,-0.020
19.925,0.001
19.930,0.022
19.935,0.033
19.940,0.048
19.945,0.066
19.950,0.074
19.955,0.078
19.960,0.083
19.965,0.083
19.970,0.081
19.975,0.090
19.980,0.091
19.985,0.074
19.990,0.067
19.995,0.069
20.000,0.059
20.005,0.050
20.010,0.050
20.015,0.040
20.020,0.026
20.025,0.024
20.030,0.026
20.035,0.019
20.040,0.013
20.045,0.013
20.050,0.008
20.055,0.001
20.060,0.001
20.065,-0.004
20.070,-0.010
20.075,-0.003
20.080,0.003
20.085,-0.006
20.090,-0.007
20.095,-0.004
20.100,-0.009
20.105,-0.012
20.110,-0.005
20.115,-0.004
20.120,-0.011
20.125,-0.008
20.130,0.000
20.135,-0.002
20.140,-0.005
20.145,-0.001
20.150,-0.012
20.155,-0.033
20.160,-0.044
20.165,-0.059
20.170,-0.082
20.175,-0.083
20.180,-0.075
20.185,-0.093
20.190,-0.111
20.195,-0.102
20.200,-0.099
20.205,-0.103
20.210,-0.083
20.215,-0.055
20.220,-0.036
20.225,-0.011
20.230,0.023
20.235,0.042
20.240,0.050
20.245,0.063
20.250,0.065
20.255,0.062
20.260,0.067
20.265,0.064
20.270,0.053
20.275,0.054
20.280,0.055
20.285,0.053
20.290,0.064
20.295,0.058
20.300,-0.025
20.305,-0.202
20.310,-0.470
20.315,-0.848
20.320,-1.276
20.325,-1.386
20.330,-0.939
20.335,-0.293
20.340,0.145
20.345,0.281
20.350,0.280
20.355,0.310
20.360,0.305
20.365,0.268
20.370,0.260
20.375,0.266
20.380,0.266
20.385,0.253
20.390,0.244
20.395,0.238
20.400,0.223
20.405,0.208
20.410,0.204
20.415,0.195
20.420,0.177
20.425,0.168
20.430,0.160
20.435,0.141
20.440,0.132
20.445,0.131
20.450,0.117
20.455,0.101
20.460,0.096
20.465,0.085
20.470,0.070
20.475,0.064
20.480,0.057
20.485,0.043
20.490,0.037
20.495,0.036
20.500,0.024
20.505,0.009
20.510,0.004
20.515,-0.004
20.520,-0.018
20.525,-0.020
20.530,-0.025
20.535,-0.041
20.540,-0.047
20.545,-0.046
20.550,-0.055
20.555,-0.063
20.560,-0.060
20.565,-0.064
20.570,-0.073
20.575,-0.069
20.580,-0.067
20.585,-0.072
20.590,-0.060
20.595,-0.039
20.600,-0.027
20.605,-0.009
20.610,0.017
20.615,0.032
20.620,0.044
20.625,0.061
20.630,0.076
20.635,0.081
20.640,0.089
20.645,0.095
20.650,0.089
20.655,0.084
20.660,0.087
20.665,0.079
20.670,0.064
20.675,0.062
20.680,0.061
20.685,0.051
20.690,0.048
20.695,0.051
20.700,0.042
20.705,0.031
20.710,0.030
20.715,0.023
20.720,0.013
20.725,0.018
20.730,0.019
20.735,0.008
20.740,0.008
20.745,0.013
20.750,0.004
20.755,-0.003
20.760,0.002
20.765,-0.001
20.770,-0.010
20.775,-0.010
20.780,-0.009
20.785,-0.012
20.790,-0.005
20.795,0.000
20.800,-0.007
20.805,-0.005
20.810,0.004
20.815,0.001
20.820,-0.007
20.825,-0.005
20.830,-0.005
20.835,-0.012
20.840,-0.012
20.845,-0.008
20.850,-0.012
20.855,-0.016
20.860,-0.009
20.865,-0.010
20.870,-0.016
20.875,-0.014
20.880,-0.015
20.885,-0.026
20.890,-0.033
20.895,-0.044
20.900,-0.069
20.905,-0.090
20.910,-0.097
20.915,-0.098
20.920,-0.096
20.925,-0.101
20.930,-0.112
20.935,-0.118
20.940,-0.116
20.945,-0.111
20.950,-0.103
20.955,-0.078
20.960,-0.041
20.965,-0.017
20.970,0.003
20.975,0.032
20.980,0.049
20.985,0.049
20.990,0.056
20.995,0.064
21.000,0.054
21.005,0.048
21.010,0.054
21.015,0.051
21.020,0.043
21.025,0.051
21.030,0.065
21.035,0.048
21.040,-0.028
21.045,-0.191
21.050,-0.461
21.055,-0.829
21.060,-1.229
21.065,-1.342
21.070,-0.929
21.075,-0.304
21.080,0.131
21.085,0.259
21.090,0.260
21.095,0.308
21.100,0.304
21.105,0.266
21.110,0.266
21.115,0.263
21.120,0.259
21.125,0.261
21.130,0.251
21.135,0.232
21.140,0.225
21.145,0.221
21.150,0.203
21.155,0.190
21.160,0.190
21.165,0.178
21.170,0.160
21.175,0.153
21.180,0.146
21.185,0.129
21.190,0.116
21.195,0.110
21.200,0.097
21.205,0.086
21.210,0.082
21.215,0.069
21.220,0.050
21.225,0.045
21.230,0.038
21.235,0.023
21.240,0.018
21.245,0.016
21.250,0.002
21.255,-0.009
21.260,-0.010
21.265,-0.021
21.270,-0.039
21.275,-0.040
21.280,-0.041
21.285,-0.053
21.290,-0.055
21.295,-0.056
21.300,-0.071
21.305,-0.080
21.310,-0.071
21.315,-0.071
21.320,-0.080
21.325,-0.074
21.330,-0.063
21.335,-0.058
21.340,-0.041
21.345,-0.013
21.350,0.004
21.355,0.017
21.360,0.041
21.365,0.059
21.370,0.069
21.375,0.084
21.380,0.094
21.385,0.089
21.390,0.088
21.395,0.092
21.400,0.086
21.405,0.081
21.410,0.083
21.415,0.074
21.420,0.064
21.425,0.065
21.430,0.065
21.435,0.055
21.440,0.049
21.445,0.048
21.450,0.041
21.455,0.034
21.460,0.034
21.465,0.030
21.470,0.024
21.475,0.027
21.480,0.026
21.485,0.013
21.490,0.008
21.495,0.009
21.500,0.004
21.505,0.001
21.510,0.008
21.515,0.006
21.520,-0.003
21.525,0.001
21.530,0.004
21.535,-0.006
21.540,-0.006
21.545,0.002
21.550,-0.004
21.555,-0.008
21.560,-0.002
21.565,-0.004
21.570,-0.010
21.575,-0.007
21.580,-0.004
21.585,-0.008
21.590,-0.004
21.595,0.003
21.600,-0.002
21.605,-0.010
21.610,-0.009
21.615,-0.011
21.620,-0.015
21.625,-0.012
21.630,-0.013
21.635,-0.024
21.640,-0.023
21.645,-0.015
21.650,-0.018
21.655,-0.022
21.660,-0.019
21.665,-0.021
21.670,-0.024
21.675,-0.016
21.680,-0.014
21.685,-0.024
21.690,-0.034
21.695,-0.047
21.700,-0.072
21.705,-0.091
21.710,-0.092
21.715,-0.095
21.720,-0.111
21.725,-0.125
21.730,-0.126
21.735,-0.118
21.740,-0.112
21.745,-0.114
21.750,-0.120
21.755,-0.098
21.760,-0.051
21.765,-0.018
21.770,0.004
21.775,0.035
21.780,0.056
21.785,0.058
21.790,0.065
21.795,0.072
21.800,0.065
21.805,0.058
21.810,0.060
21.815,0.059
21.820,0.056
21.825,0.064
21.830,0.071
21.835,0.044
21.840,-0.044
21.845,-0.227
21.850,-0.516
21.855,-0.905
21.860,-1.272
21.865,-1.251
21.870,-0.759
21.875,-0.183
21.880,0.164
21.885,0.249
21.890,0.281
21.895,0.326
21.900,0.293
21.905,0.264
21.910,0.278
21.915,0.280
21.920,0.265
21.925,0.262
21.930,0.258
21.935,0.242
21.940,0.236
21.945,0.234
21.950,0.212
21.955,0.196
21.960,0.191
21.965,0.177
21.970,0.162
21.975,0.158
21.980,0.149
21.985,0.131
21.990,0.123
21.995,0.120
22.000,0.105
22.005,0.092
22.010,0.080
22.015,0.061
22.020,0.045
22.025,0.045
22.030,0.040
22.035,0.022
22.040,0.016
22.045,0.017
22.050,0.008
22.055,-0.001
22.060,0.000
22.065,-0.012
22.070,-0.033
22.075,-0.040
22.080,-0.043
22.085,-0.054
22.090,-0.060
22.095,-0.062
22.100,-0.065
22.105,-0.072
22.110,-0.081
22.115,-0.081
22.120,-0.074
22.125,-0.065
22.130,-0.061
22.135,-0.058
22.140,-0.041
22.145,-0.018
22.150,-0.010
22.155,-0.001
22.160,0.025
22.165,0.046
22.170,0.060
22.175,0.073
22.180,0.079
22.185,0.082
22.190,0.089
22.195,0.093
22.200,0.083
22.205,0.077
22.210,0.079
22.215,0.072
22.220,0.065
22.225,0.064
22.230,0.058
22.235,0.050
22.240,0.047
22.245,0.045
22.250,0.031
22.255,0.023
22.260,0.029
22.265,0.023
22.270,0.012
22.275,0.017
22.280,0.021
22.285,0.012
22.290,0.008
22.295,0.008
22.300,0.003
22.305,0.001
22.310,0.003
22.315,-0.006
22.320,-0.012
22.325,-0.008
22.330,-0.004
22.335,-0.002
22.340,0.002
22.345,0.001
22.350,-0.011
22.355,-0.016
22.360,-0.007
22.365,-0.005
22.370,-0.010
22.375,-0.007
22.380,-0.008
22.385,-0.014
22.390,-0.013
22.395,-0.013
22.400,-0.028
22.405,-0.053
22.410,-0.071
22.415,-0.086
22.420,-0.098
22.425,-0.086
22.430,-0.081
22.435,-0.109
22.440,-0.122
22.445,-0.112
22.450,-0.115
22.455,-0.115
22.460,-0.094
22.465,-0.065
22.470,-0.030
22.475,0.013
22.480,0.038
22.485,0.039
22.490,0.053
22.495,0.071
22.500,0.064
22.505,0.051
22.510,0.053
22.515,0.048
22.520,0.039
22.525,0.047
22.530,0.051
22.535,0.046
22.540,0.063
22.545,0.065
22.550,-0.013
22.555,-0.182
22.560,-0.439
22.565,-0.831
22.570,-1.269
22.575,-1.319
22.580,-0.816
22.585,-0.206
22.590,0.154
22.595,0.260
22.600,0.276
22.605,0.288
22.610,0.262
22.615,0.234
22.620,0.238
22.625,0.247
22.630,0.239
22.635,0.225
22.640,0.224
22.645,0.220
22.650,0.199
22.655,0.182
22.660,0.175
22.665,0.164
22.670,0.152
22.675,0.149
22.680,0.142
22.685,0.124
22.690,0.119
22.695,0.119
22.700,0.105
22.705,0.095
22.710,0.087
22.715,0.068
22.720,0.051
22.725,0.048
22.730,0.043
22.735,0.032
22.740,0.028
22.745,0.025
22.750,0.016
22.755,0.010
22.760,0.007
22.765,-0.010
22.770,-0.024
22.775,-0.017
22.780,-0.018
22.785,-0.035
22.790,-0.032
22.795,-0.026
22.800,-0.045
22.805,-0.049
22.810,-0.033
22.815,-0.038
22.820,-0.054
22.825,-0.056
22.830,-0.055
22.835,-0.055
22.840,-0.040
22.845,-0.015
22.850,0.001
22.855,0.010
22.860,0.027
22.865,0.037
22.870,0.047
22.875,0.069
22.880,0.079
22.885,0.078
22.890,0.084
22.895,0.088
22.900,0.080
22.905,0.077
22.910,0.082
22.915,0.075
22.920,0.069
22.925,0.071
22.930,0.062
22.935,0.046
22.940,0.045
22.945,0.045
22.950,0.034
22.955,0.024
22.960,0.021
22.965,0.012
22.970,0.004
22.975,0.009
22.980,0.007
22.985,-0.002
22.990,-0.004
22.995,-0.008
23.000,-0.017
23.005,-0.016
23.010,-0.008
23.015,-0.014
23.020,-0.022
23.025,-0.015
23.030,-0.008
23.035,-0.011
23.040,-0.007
23.045,0.001
23.050,-0.002
23.055,-0.005
23.060,-0.004
23.065,-0.012
23.070,-0.015
23.075,-0.008
23.080,-0.013
23.085,-0.023
23.090,-0.019
23.095,-0.014
23.100,-0.019
23.105,-0.017
23.110,-0.010
23.115,-0.015
23.120,-0.023
23.125,-0.022
23.130,-0.020
23.135,-0.023
23.140,-0.025
23.145,-0.029
23.150,-0.047
23.155,-0.066
23.160,-0.074
23.165,-0.089
23.170,-0.101
23.175,-0.091
23.180,-0.095
23.185,-0.119
23.190,-0.118
23.195,-0.106
23.200,-0.116
23.205,-0.119
23.210,-0.094
23.215,-0.064
23.220,-0.041
23.225,-0.008
23.230,0.023
23.235,0.033
23.240,0.044
23.245,0.057
23.250,0.054
23.255,0.051
23.260,0.055
23.265,0.046
23.270,0.034
23.275,0.035
23.280,0.036
23.285,0.047
23.290,0.068
23.295,0.027
23.300,-0.122
23.305,-0.363
23.310,-0.717
23.315,-1.175
23.320,-1.441
23.325,-1.140
23.330,-0.492
23.335,0.018
23.340,0.243
23.345,0.290
23.350,0.308
23.355,0.303
23.360,0.276
23.365,0.266
23.370,0.265
23.375,0.268
23.380,0.263
23.385,0.249
23.390,0.241
23.395,0.230
23.400,0.211
23.405,0.205
23.410,0.206
23.415,0.191
23.420,0.174
23.425,0.168
23.430,0.161
23.435,0.150
23.440,0.148
23.445,0.143
23.450,0.120
23.455,0.099
23.460,0.096
23.465,0.087
23.470,0.071
23.475,0.066
23.480,0.059
23.485,0.045
23.490,0.039
23.495,0.033
23.500,0.020
23.505,0.015
23.510,0.010
23.515,-0.006
23.520,-0.017
23.525,-0.014
23.530,-0.015
23.535,-0.026
23.540,-0.031
23.545,-0.035
23.550,-0.044
23.555,-0.044
23.560,-0.040
23.565,-0.050
23.570,-0.058
23.575,-0.054
23.580,-0.051
23.585,-0.047
23.590,-0.032
23.595,-0.014
23.600,-0.003
23.605,0.014
23.610,0.036
23.615,0.049
23.620,0.060
23.625,0.078
23.630,0.083
23.635,0.086
23.640,0.102
23.645,0.109
23.650,0.100
23.655,0.097
23.660,0.097
23.665,0.086
23.670,0.077
23.675,0.077
23.680,0.073
23.685,0.060
23.690,0.058
23.695,0.058
23.700,0.044
23.705,0.034
23.710,0.034
23.715,0.028
23.720,0.016
23.725,0.011
23.730,0.009
23.735,0.004
23.740,0.002
23.745,0.001
23.750,-0.005
23.755,-0.011
23.760,-0.007
23.765,-0.007
23.770,-0.013
23.775,-0.010
23.780,-0.010
23.785,-0.013
23.790,-0.005
23.795,0.002
23.800,-0.008
23.805,-0.012
23.810,-0.005
23.815,-0.005
23.820,-0.008
23.825,-0.003
23.830,-0.001
23.835,-0.006
23.840,-0.003
23.845,-0.001
23.850,-0.010
23.855,-0.012
23.860,-0.008
23.865,-0.013
23.870,-0.016
23.875,-0.005
23.880,-0.004
23.885,-0.015
23.890,-0.015
23.895,-0.010
23.900,-0.015
23.905,-0.018
23.910,-0.013
23.915,-0.017
23.920,-0.022
23.925,-0.019
23.930,-0.020
23.935,-0.026
23.940,-0.021
23.945,-0.013
23.950,-0.021
23.955,-0.024
23.960,-0.019
23.965,-0.024
23.970,-0.032
23.975,-0.041
23.980,-0.061
23.985,-0.080
23.990,-0.084
23.995,-0.085
24.000,-0.095
24.005,-0.110
24.010,-0.123
24.015,-0.123
24.020,-0.116
24.025,-0.116
24.030,-0.121
24.035,-0.112
24.040,-0.077
24.045,-0.035
24.050,-0.007
24.055,0.021
24.060,0.048
24.065,0.057
24.070,0.057
24.075,0.066
24.080,0.065
24.085,0.059
24.090,0.063
24.095,0.060
24.100,0.049
24.105,0.055
24.110,0.075
24.115,0.061
24.120,-0.022
24.125,-0.192
24.130,-0.470
24.135,-0.866
24.140,-1.284
24.145,-1.375
24.150,-0.932
24.155,-0.294
24.160,0.145
24.165,0.275
24.170,0.278
24.175,0.321
24.180,0.312
24.185,0.276
24.190,0.281
24.195,0.281
24.200,0.270
24.205,0.265
24.210,0.262
24.215,0.248
24.220,0.232
24.225,0.227
24.230,0.218
24.235,0.200
24.240,0.193
24.245,0.186
24.250,0.169
24.255,0.158
24.260,0.152
24.265,0.137
24.270,0.123
24.275,0.119
24.280,0.106
24.285,0.089
24.290,0.081
24.295,0.072
24.300,0.057
24.305,0.053
24.310,0.052
24.315,0.035
24.320,0.019
24.325,0.019
24.330,0.016
24.335,0.001
24.340,-0.007
24.345,-0.013
24.350,-0.026
24.355,-0.034
24.360,-0.037
24.365,-0.048
24.370,-0.057
24.375,-0.056
24.380,-0.062
24.385,-0.069
24.390,-0.065
24.395,-0.067
24.400,-0.076
24.405,-0.074
24.410,-0.062
24.415,-0.054
24.420,-0.041
24.425,-0.014
24.430,0.009
24.435,0.024
24.440,0.043
24.445,0.059
24.450,0.065
24.455,0.079
24.460,0.098
24.465,0.102
24.470,0.097
24.475,0.102
24.480,0.100
24.485,0.088
24.490,0.088
24.495,0.088
24.500,0.073
24.505,0.070
24.510,0.076
24.515,0.065
24.520,0.055
24.525,0.054
24.530,0.045
24.535,0.032
24.540,0.030
24.545,0.027
24.550,0.017
24.555,0.016
24.560,0.019
24.565,0.007
24.570,0.000
24.575,0.003
24.580,-0.004
24.585,-0.013
24.590,-0.009
24.595,-0.008
24.600,-0.017
24.605,-0.016
24.610,-0.009
24.615,-0.013
24.620,-0.016
24.625,-0.009
24.630,-0.010
24.635,-0.018
24.640,-0.013
24.645,-0.008
24.650,-0.013
24.655,-0.011
24.660,-0.006
24.665,-0.012
24.670,-0.016
24.675,-0.011
24.680,-0.014
24.685,-0.017
24.690,-0.011
24.695,-0.010
24.700,-0.018
24.705,-0.020
24.710,-0.015
24.715,-0.017
24.720,-0.019
24.725,-0.016
24.730,-0.023
24.735,-0.038
24.740,-0.046
24.745,-0.063
24.750,-0.091
24.755,-0.108
24.760,-0.107
24.765,-0.103
24.770,-0.112
24.775,-0.121
24.780,-0.119
24.785,-0.117
24.790,-0.110
24.795,-0.098
24.800,-0.084
24.805,-0.056
24.810,-0.024
24.815,-0.002
24.820,0.022
24.825,0.047
24.830,0.056
24.835,0.054
24.840,0.059
24.845,0.059
24.850,0.049
24.855,0.049
24.860,0.056
24.865,0.049
24.870,0.046
24.875,0.058
24.880,0.066
24.885,0.037
24.890,-0.060
24.895,-0.256
24.900,-0.563
24.905,-0.971
24.910,-1.333
24.915,-1.279
24.920,-0.756
24.925,-0.170
24.930,0.169
24.935,0.245
24.940,0.276
24.945,0.319
24.950,0.290
24.955,0.268
24.960,0.274
24.965,0.267
24.970,0.260
24.975,0.258
24.980,0.250
24.985,0.238
24.990,0.231
24.995,0.220
25.000,0.201
25.005,0.188
25.010,0.181
25.015,0.169
25.020,0.157
25.025,0.152
25.030,0.137
25.035,0.119
25.040,0.112
25.045,0.106
25.050,0.092
25.055,0.084
25.060,0.078
25.065,0.061
25.070,0.048
25.075,0.044
25.080,0.031
25.085,0.017
25.090,0.017
25.095,0.011
25.100,-0.005
25.105,-0.013
25.110,-0.017
25.115,-0.030
25.120,-0.041
25.125,-0.041
25.130,-0.048
25.135,-0.060
25.140,-0.059
25.145,-0.062
25.150,-0.076
25.155,-0.079
25.160,-0.076
25.165,-0.083
25.170,-0.081
25.175,-0.061
25.180,-0.046
25.185,-0.032
25.190,-0.007
25.195,0.013
25.200,0.025
25.205,0.046
25.210,0.068
25.215,0.081
25.220,0.097
25.225,0.112
25.230,0.112
25.235,0.106
25.240,0.114
25.245,0.115
25.250,0.101
25.255,0.099
25.260,0.097
25.265,0.078
25.270,0.070
25.275,0.080
25.280,0.075
25.285,0.060
25.290,0.062
25.295,0.063
25.300,0.049
25.305,0.041
25.310,0.039
25.315,0.026
25.320,0.017
25.325,0.022
25.330,0.017
25.335,0.001
25.340,-0.001
25.345,0.002
25.350,-0.009
25.355,-0.015
25.360,-0.011
25.365,-0.014
25.370,-0.017
25.375,-0.013
25.380,-0.016
25.385,-0.020
25.390,-0.009
25.395,-0.009
25.400,-0.023
25.405,-0.025
25.410,-0.021
25.415,-0.020
25.420,-0.010
25.425,-0.004
25.430,-0.016
25.435,-0.023
25.440,-0.014
25.445,-0.010
25.450,-0.020
25.455,-0.026
25.460,-0.019
25.465,-0.016
25.470,-0.025
25.475,-0.018
25.480,-0.011
25.485,-0.018
25.490,-0.018
25.495,-0.018
25.500,-0.026
25.505,-0.020
25.510,-0.015
25.515,-0.024
25.520,-0.020
25.525,-0.014
25.530,-0.018
25.535,-0.018
25.540,-0.018
25.545,-0.021
25.550,-0.023
25.555,-0.019
25.560,-0.014
25.565,-0.022
25.570,-0.030
25.575,-0.027
25.580,-0.028
25.585,-0.034
25.590,-0.025
25.595,-0.015
25.600,-0.020
25.605,-0.023
25.610,-0.023
25.615,-0.028
25.620,-0.030
25.625,-0.030
25.630,-0.031
25.635,-0.031
25.640,-0.027
25.645,-0.023
25.650,-0.027
25.655,-0.024
25.660,-0.023
25.665,-0.040
25.670,-0.064
25.675,-0.083
25.680,-0.099
25.685,-0.104
25.690,-0.100
25.695,-0.104
25.700,-0.115
25.705,-0.106
25.710,-0.099
25.715,-0.109
25.720,-0.099
25.725,-0.068
25.730,-0.043
25.735,-0.017
25.740,0.022
25.745,0.044
25.750,0.045
25.755,0.057
25.760,0.067
25.765,0.060
25.770,0.057
25.775,0.065
25.780,0.064
25.785,0.053
25.790,0.051
25.795,0.068
25.800,0.092
25.805,0.080
25.810,-0.018
25.815,-0.226
25.820,-0.536
25.825,-0.964
25.830,-1.359
25.835,-1.277
25.840,-0.686
25.845,-0.091
25.850,0.210
25.855,0.286
25.860,0.315
25.865,0.318
25.870,0.283
25.875,0.274
25.880,0.267
25.885,0.253
25.890,0.255
25.895,0.259
25.900,0.250
25.905,0.246
25.910,0.237
25.915,0.213
25.920,0.199
25.925,0.201
25.930,0.184
25.935,0.167
25.940,0.172
25.945,0.163
25.950,0.139
25.955,0.134
25.960,0.132
25.965,0.115
25.970,0.103
25.975,0.097
25.980,0.087
25.985,0.074
25.990,0.066
25.995,0.058
26.000,0.047
26.005,0.047
26.010,0.047
26.015,0.033
26.020,0.020
26.025,0.006
26.030,-0.013
26.035,-0.016
26.040,-0.003
26.045,0.000
26.050,-0.013
26.055,-0.028
26.060,-0.034
26.065,-0.040
26.070,-0.039
26.075,-0.032
26.080,-0.039
26.085,-0.052
26.090,-0.053
26.095,-0.046
26.100,-0.047
26.105,-0.044
26.110,-0.028
26.115,-0.011
26.120,0.002
26.125,0.010
26.130,0.021
26.135,0.036
26.140,0.050
26.145,0.064
26.150,0.072
26.155,0.080
26.160,0.093
26.165,0.094
26.170,0.084
26.175,0.082
26.180,0.076
26.185,0.067
26.190,0.062
26.195,0.055
26.200,0.048
26.205,0.049
26.210,0.049
26.215,0.041
26.220,0.038
26.225,0.038
26.230,0.023
26.235,0.008
26.240,0.011
26.245,0.007
26.250,-0.008
26.255,-0.007
26.260,0.002
26.265,-0.006
26.270,-0.007
26.275,0.003
26.280,-0.007
26.285,-0.013
26.290,-0.001
26.295,-0.005
26.300,-0.020
26.305,-0.015
26.310,-0.005
26.315,-0.013
26.320,-0.017
26.325,-0.007
26.330,-0.007
26.335,-0.008
26.340,0.004
26.345,0.004
26.350,-0.009
26.355,-0.010
26.360,-0.005
26.365,-0.007
26.370,-0.009
26.375,-0.010
26.380,-0.013
26.385,-0.009
26.390,-0.001
26.395,-0.006
26.400,-0.022
26.405,-0.032
26.410,-0.044
26.415,-0.065
26.420,-0.081
26.425,-0.084
26.430,-0.079
26.435,-0.087
26.440,-0.106
26.445,-0.115
26.450,-0.114
26.455,-0.107
26.460,-0.101
26.465,-0.090
26.470,-0.060
26.475,-0.030
26.480,-0.007
26.485,0.021
26.490,0.045
26.495,0.049
26.500,0.048
26.505,0.053
26.510,0.055
26.515,0.055
26.520,0.051
26.525,0.049
26.530,0.043
26.535,0.036
26.540,0.053
26.545,0.077
26.550,0.051
26.555,-0.061
26.560,-0.278
26.565,-0.610
26.570,-1.045
26.575,-1.416
26.580,-1.318
26.585,-0.699
26.590,-0.066
26.595,0.241
26.600,0.307
26.605,0.319
26.610,0.312
26.615,0.268
26.620,0.249
26.625,0.261
26.630,0.261
26.635,0.250
26.640,0.244
26.645,0.233
26.650,0.213
26.655,0.203
26.660,0.200
26.665,0.188
26.670,0.175
26.675,0.166
26.680,0.155
26.685,0.140
26.690,0.133
26.695,0.127
26.700,0.113
26.705,0.106
26.710,0.102
26.715,0.086
26.720,0.069
26.725,0.064
26.730,0.058
26.735,0.045
26.740,0.041
26.745,0.036
26.750,0.023
26.755,0.017
26.760,0.014
26.765,-0.001
26.770,-0.013
26.775,-0.016
26.780,-0.027
26.785,-0.041
26.790,-0.041
26.795,-0.047
26.800,-0.060
26.805,-0.060
26.810,-0.060
26.815,-0.069
26.820,-0.074
26.825,-0.067
26.830,-0.063
26.835,-0.061
26.840,-0.048
26.845,-0.034
26.850,-0.022
26.855,0.000
26.860,0.023
26.865,0.035
26.870,0.047
26.875,0.068
26.880,0.084
26.885,0.092
26.890,0.102
26.895,0.105
26.900,0.096
26.905,0.097
26.910,0.104
26.915,0.097
26.920,0.088
26.925,0.088
26.930,0.082
26.935,0.074
26.940,0.072
26.945,0.066
26.950,0.055
26.955,0.054
26.960,0.050
26.965,0.030
26.970,0.020
26.975,0.024
26.980,0.021
26.985,0.009
26.990,0.004
26.995,-0.005
27.000,-0.015
27.005,-0.011
27.010,-0.011
27.015,-0.016
27.020,-0.016
27.025,-0.017
27.030,-0.025
27.035,-0.029
27.040,-0.019
27.045,-0.017
27.050,-0.024
27.055,-0.018
27.060,-0.012
27.065,-0.021
27.070,-0.023
27.075,-0.015
27.080,-0.019
27.085,-0.023
27.090,-0.015
27.095,-0.013
27.100,-0.021
27.105,-0.022
27.110,-0.015
27.115,-0.016
27.120,-0.016
27.125,-0.011
27.130,-0.015
27.135,-0.015
27.140,-0.010
27.145,-0.015
27.150,-0.024
27.155,-0.021
27.160,-0.015
27.165,-0.021
27.170,-0.024
27.175,-0.020
27.180,-0.025
27.185,-0.032
27.190,-0.035
27.195,-0.051
27.200,-0.073
27.205,-0.085
27.210,-0.088
27.215,-0.091
27.220,-0.093
27.225,-0.104
27.230,-0.114
27.235,-0.110
27.240,-0.104
27.245,-0.107
27.250,-0.101
27.255,-0.069
27.260,-0.036
27.265,-0.016
27.270,0.010
27.275,0.039
27.280,0.049
27.285,0.052
27.290,0.063
27.295,0.067
27.300,0.059
27.305,0.058
27.310,0.055
27.315,0.042
27.320,0.043
27.325,0.062
27.330,0.069
27.335,0.028
27.340,-0.091
27.345,-0.317
27.350,-0.659
27.355,-1.094
27.360,-1.432
27.365,-1.288
27.370,-0.679
27.375,-0.069
27.380,0.242
27.385,0.293
27.390,0.316
27.395,0.338
27.400,0.299
27.405,0.283
27.410,0.291
27.415,0.285
27.420,0.278
27.425,0.273
27.430,0.258
27.435,0.244
27.440,0.237
27.445,0.228
27.450,0.212
27.455,0.204
27.460,0.201
27.465,0.187
27.470,0.171
27.475,0.163
27.480,0.150
27.485,0.135
27.490,0.129
27.495,0.120
27.500,0.104
27.505,0.097
27.510,0.090
27.515,0.074
27.520,0.065
27.525,0.062
27.530,0.048
27.535,0.031
27.540,0.027
27.545,0.019
27.550,0.002
27.555,-0.004
27.560,-0.010
27.565,-0.027
27.570,-0.034
27.575,-0.037
27.580,-0.052
27.585,-0.065
27.590,-0.069
27.595,-0.071
27.600,-0.077
27.605,-0.079
27.610,-0.078
27.615,-0.085
27.620,-0.081
27.625,-0.064
27.630,-0.048
27.635,-0.032
27.640,-0.006
27.645,0.013
27.650,0.025
27.655,0.051
27.660,0.077
27.665,0.086
27.670,0.095
27.675,0.109
27.680,0.110
27.685,0.108
27.690,0.116
27.695,0.113
27.700,0.099
27.705,0.095
27.710,0.092
27.715,0.082
27.720,0.078
27.725,0.077
27.730,0.068
27.735,0.057
27.740,0.057
27.745,0.055
27.750,0.043
27.755,0.039
27.760,0.038
27.765,0.024
27.770,0.016
27.775,0.017
27.780,0.008
27.785,-0.002
27.790,0.001
27.795,-0.005
27.800,-0.015
27.805,-0.012
27.810,-0.013
27.815,-0.024
27.820,-0.026
27.825,-0.021
27.830,-0.025
27.835,-0.026
27.840,-0.018
27.845,-0.017
27.850,-0.022
27.855,-0.019
27.860,-0.016
27.865,-0.021
27.870,-0.020
27.875,-0.013
27.880,-0.017
27.885,-0.020
27.890,-0.016
27.895,-0.018
27.900,-0.022
27.905,-0.018
27.910,-0.013
27.915,-0.020
27.920,-0.021
27.925,-0.014
27.930,-0.019
27.935,-0.028
27.940,-0.024
27.945,-0.023
27.950,-0.027
27.955,-0.022
27.960,-0.020
27.965,-0.030
27.970,-0.030
27.975,-0.024
27.980,-0.029
27.985,-0.032
27.990,-0.027
27.995,-0.028
28.000,-0.034
28.005,-0.029
28.010,-0.028
28.015,-0.034
28.020,-0.030
28.025,-0.023
28.030,-0.030
28.035,-0.034
28.040,-0.030
28.045,-0.034
28.050,-0.046
28.055,-0.060
28.060,-0.078
28.065,-0.095
28.070,-0.101
28.075,-0.100
28.080,-0.111
28.085,-0.124
28.090,-0.117
28.095,-0.109
28.100,-0.116
28.105,-0.112
28.110,-0.089
28.115,-0.065
28.120,-0.035
28.125,-0.003
28.130,0.018
28.135,0.038
28.140,0.062
28.145,0.068
28.150,0.062
28.155,0.064
28.160,0.066
28.165,0.057
28.170,0.054
28.175,0.058
28.180,0.059
28.185,0.066
28.190,0.065
28.195,-0.001
28.200,-0.163
28.205,-0.421
28.210,-0.787
28.215,-1.217
28.220,-1.395
28.225,-1.044
28.230,-0.432
28.235,0.060
28.240,0.272
28.245,0.282
28.250,0.314
28.255,0.337
28.260,0.307
28.265,0.293
28.270,0.293
28.275,0.292
28.280,0.280
28.285,0.273
28.290,0.272
28.295,0.257
28.300,0.236
28.305,0.229
28.310,0.222
28.315,0.207
28.320,0.200
28.325,0.193
28.330,0.176
28.335,0.162
28.340,0.156
28.345,0.146
28.350,0.134
28.355,0.126
28.360,0.114
28.365,0.096
28.370,0.086
28.375,0.083
28.380,0.069
28.385,0.055
28.390,0.051
28.395,0.043
28.400,0.029
28.405,0.020
28.410,0.011
28.415,-0.002
28.420,-0.011
28.425,-0.017
28.430,-0.031
28.435,-0.041
28.440,-0.042
28.445,-0.052
28.450,-0.068
28.455,-0.071
28.460,-0.072
28.465,-0.082
28.470,-0.086
28.475,-0.081
28.480,-0.083
28.485,-0.081
28.490,-0.062
28.495,-0.043
28.500,-0.022
28.505,0.008
28.510,0.034
28.515,0.052
28.520,0.071
28.525,0.092
28.530,0.099
28.535,0.100
28.540,0.116
28.545,0.120
28.550,0.112
28.555,0.118
28.560,0.121
28.565,0.103
28.570,0.094
28.575,0.096
28.580,0.082
28.585,0.071
28.590,0.072
28.595,0.065
28.600,0.055
28.605,0.052
28.610,0.048
28.615,0.042
28.620,0.040
28.625,0.035
28.630,0.019
28.635,0.013
28.640,0.019
28.645,0.015
28.650,0.004
28.655,0.001
28.660,-0.006
28.665,-0.016
28.670,-0.007
28.675,0.001
28.680,-0.017
28.685,-0.023
28.690,-0.011
28.695,-0.018
28.700,-0.028
28.705,-0.018
28.710,-0.011
28.715,-0.018
28.720,-0.017
28.725,-0.015
28.730,-0.023
28.735,-0.024
28.740,-0.017
28.745,-0.022
28.750,-0.029
28.755,-0.018
28.760,-0.005
28.765,-0.011
28.770,-0.012
28.775,-0.006
28.780,-0.011
28.785,-0.014
28.790,-0.019
28.795,-0.030
28.800,-0.033
28.805,-0.024
28.810,-0.011
28.815,-0.018
28.820,-0.028
28.825,-0.022
28.830,-0.025
28.835,-0.029
28.840,-0.023
28.845,-0.024
28.850,-0.028
28.855,-0.024
28.860,-0.032
28.865,-0.039
28.870,-0.026
28.875,-0.024
28.880,-0.036
28.885,-0.039
28.890,-0.025
28.895,-0.023
28.900,-0.041
28.905,-0.048
28.910,-0.058
28.915,-0.080
28.920,-0.088
28.925,-0.087
28.930,-0.093
28.935,-0.114
28.940,-0.133
28.945,-0.127
28.950,-0.116
28.955,-0.119
28.960,-0.116
28.965,-0.087
28.970,-0.045
28.975,-0.013
28.980,0.001
28.985,0.022
28.990,0.053
28.995,0.065
29.000,0.065
29.005,0.071
29.010,0.067
29.015,0.052
29.020,0.050
29.025,0.053
29.030,0.045
29.035,0.057
29.040,0.087
29.045,0.073
29.050,-0.027
29.055,-0.210
29.060,-0.486
29.065,-0.891
29.070,-1.311
29.075,-1.345
29.080,-0.849
29.085,-0.216
29.090,0.190
29.095,0.300
29.100,0.301
29.105,0.318
29.110,0.296
29.115,0.264
29.120,0.263
29.125,0.266
29.130,0.258
29.135,0.257
29.140,0.256
29.145,0.235
29.150,0.218
29.155,0.220
29.160,0.212
29.165,0.191
29.170,0.182
29.175,0.174
29.180,0.157
29.185,0.152
29.190,0.152
29.195,0.137
29.200,0.117
29.205,0.106
29.210,0.098
29.215,0.085
29.220,0.080
29.225,0.077
29.230,0.064
29.235,0.053
29.240,0.047
29.245,0.036
29.250,0.025
29.255,0.023
29.260,0.019
29.265,0.002
29.270,-0.010
29.275,-0.011
29.280,-0.021
29.285,-0.030
29.290,-0.031
29.295,-0.044
29.300,-0.053
29.305,-0.051
29.310,-0.060
29.315,-0.069
29.320,-0.056
29.325,-0.048
29.330,-0.061
29.335,-0.068
29.340,-0.055
29.345,-0.039
29.350,-0.028
29.355,-0.007
29.360,0.020
29.365,0.035
29.370,0.053
29.375,0.079
29.380,0.085
29.385,0.082
29.390,0.094
29.395,0.104
29.400,0.106
29.405,0.111
29.410,0.106
29.415,0.093
29.420,0.096
29.425,0.096
29.430,0.075
29.435,0.059
29.440,0.059
29.445,0.059
29.450,0.061
29.455,0.063
29.460,0.048
29.465,0.030
29.470,0.027
29.475,0.024
29.480,0.008
29.485,0.001
29.490,0.007
29.495,0.002
29.500,-0.008
29.505,-0.007
29.510,-0.013
29.515,-0.024
29.520,-0.019
29.525,-0.013
29.530,-0.024
29.535,-0.027
29.540,-0.024
29.545,-0.024
29.550,-0.023
29.555,-0.018
29.560,-0.017
29.565,-0.028
29.570,-0.025
29.575,-0.014
29.580,-0.017
29.585,-0.016
29.590,-0.004
29.595,-0.003
29.600,-0.008
29.605,-0.007
29.610,-0.014
29.615,-0.023
29.620,-0.015
29.625,-0.010
29.630,-0.021
29.635,-0.023
29.640,-0.019
29.645,-0.024
29.650,-0.038
29.655,-0.053
29.660,-0.070
29.665,-0.087
29.670,-0.091
29.675,-0.082
29.680,-0.091
29.685,-0.110
29.690,-0.108
29.695,-0.106
29.700,-0.114
29.705,-0.103
29.710,-0.076
29.715,-0.053
29.720,-0.026
29.725,0.007
29.730,0.029
29.735,0.040
29.740,0.053
29.745,0.055
29.750,0.048
29.755,0.050
29.760,0.052
29.765,0.046
29.770,0.046
29.775,0.045
29.780,0.035
29.785,0.046
29.790,0.067
29.795,0.024
29.800,-0.113
29.805,-0.333
29.810,-0.670
29.815,-1.131
29.820,-1.471
29.825,-1.273
29.830,-0.615
29.835,-0.014
29.840,0.271
29.845,0.322
29.850,0.322
29.855,0.314
29.860,0.278
29.865,0.258
29.870,0.262
29.875,0.263
29.880,0.247
29.885,0.236
29.890,0.234
29.895,0.218
29.900,0.198
29.905,0.193
29.910,0.188
29.915,0.170
29.920,0.164
29.925,0.165
29.930,0.149
29.935,0.133
29.940,0.127
29.945,0.116
29.950,0.104
29.955,0.098
29.960,0.086
29.965,0.071
29.970,0.066
29.975,0.061
29.980,0.048
29.985,0.041
29.990,0.038
29.995,0.022
30.000,0.007
30.005,0.004
30.010,-0.002
30.015,-0.013
30.020,-0.020
30.025,-0.032
30.030,-0.045
30.035,-0.051
30.040,-0.056
30.045,-0.063
30.050,-0.067
30.055,-0.064
30.060,-0.069
30.065,-0.081
30.070,-0.077
30.075,-0.068
30.080,-0.070
30.085,-0.063
30.090,-0.039
30.095,-0.019
30.100,0.001
30.105,0.026
30.110,0.048
30.115,0.066
30.120,0.085
30.125,0.099
30.130,0.106
30.135,0.116
30.140,0.124
30.145,0.119
30.150,0.115
30.155,0.120
30.160,0.112
30.165,0.097
30.170,0.098
30.175,0.102
30.180,0.094
30.185,0.083
30.190,0.078
30.195,0.070
30.200,0.059
30.205,0.058
30.210,0.052
30.215,0.034
30.220,0.026
30.225,0.024
30.230,0.013
30.235,0.008
30.240,0.005
30.245,-0.006
30.250,-0.009
30.255,-0.005
30.260,-0.011
30.265,-0.024
30.270,-0.024
30.275,-0.019
30.280,-0.025
30.285,-0.025
30.290,-0.016
30.295,-0.019
30.300,-0.022
30.305,-0.010
30.310,-0.013
30.315,-0.025
30.320,-0.016
30.325,-0.008
30.330,-0.016
30.335,-0.015
30.340,-0.008
30.345,-0.012
30.350,-0.013
30.355,-0.008
30.360,-0.014
30.365,-0.021
30.370,-0.015
30.375,-0.013
30.380,-0.024
30.385,-0.027
30.390,-0.021
30.395,-0.022
30.400,-0.024
30.405,-0.019
30.410,-0.020
30.415,-0.031
30.420,-0.029
30.425,-0.019
30.430,-0.024
30.435,-0.030
30.440,-0.024
30.445,-0.025
30.450,-0.028
30.455,-0.021
30.460,-0.019
30.465,-0.025
30.470,-0.023
30.475,-0.019
30.480,-0.028
30.485,-0.030
30.490,-0.026
30.495,-0.027
30.500,-0.026
30.505,-0.023
30.510,-0.035
30.515,-0.055
30.520,-0.067
30.525,-0.078
30.530,-0.093
30.535,-0.093
30.540,-0.095
30.545,-0.119
30.550,-0.129
30.555,-0.109
30.560,-0.105
30.565,-0.117
30.570,-0.099
30.575,-0.063
30.580,-0.039
30.585,-0.011
30.590,0.021
30.595,0.039
30.600,0.052
30.605,0.064
30.610,0.062
30.615,0.052
30.620,0.052
30.625,0.054
30.630,0.047
30.635,0.046
30.640,0.059
30.645,0.069
30.650,0.061
30.655,-0.003
30.660,-0.165
30.665,-0.435
30.670,-0.808
30.675,-1.247
30.680,-1.458
30.685,-1.115
30.690,-0.452
30.695,0.075
30.700,0.293
30.705,0.317
30.710,0.340
30.715,0.336
30.720,0.305
30.725,0.305
30.730,0.300
30.735,0.295
30.740,0.293
30.745,0.280
30.750,0.265
30.755,0.259
30.760,0.247
30.765,0.233
30.770,0.228
30.775,0.219
30.780,0.200
30.785,0.190
30.790,0.185
30.795,0.176
30.800,0.163
30.805,0.151
30.810,0.138
30.815,0.121
30.820,0.111
30.825,0.104
30.830,0.090
30.835,0.081
30.840,0.078
30.845,0.066
30.850,0.053
30.855,0.049
30.860,0.038
30.865,0.020
30.870,0.010
30.875,0.001
30.880,-0.015
30.885,-0.023
30.890,-0.026
30.895,-0.041
30.900,-0.053
30.905,-0.051
30.910,-0.058
30.915,-0.072
30.920,-0.071
30.925,-0.072
30.930,-0.083
30.935,-0.085
30.940,-0.078
30.945,-0.074
30.950,-0.064
30.955,-0.036
30.960,-0.013
30.965,0.000
30.970,0.023
30.975,0.050
30.980,0.067
30.985,0.083
30.990,0.101
30.995,0.109
31.000,0.114
31.005,0.122
31.010,0.119
31.015,0.107
31.020,0.102
31.025,0.100
31.030,0.089
31.035,0.084
31.040,0.086
31.045,0.079
31.050,0.071
31.055,0.069
31.060,0.060
31.065,0.045
31.070,0.042
31.075,0.042
31.080,0.030
31.085,0.022
31.090,0.022
31.095,0.012
31.100,0.002
31.105,0.000
31.110,-0.007
31.115,-0.014
31.120,-0.013
31.125,-0.013
31.130,-0.019
31.135,-0.022
31.140,-0.018
31.145,-0.023
31.150,-0.029
31.155,-0.027
31.160,-0.027
31.165,-0.029
31.170,-0.020
31.175,-0.017
31.180,-0.027
31.185,-0.026
31.190,-0.015
31.195,-0.019
31.200,-0.024
31.205,-0.016
31.210,-0.015
31.215,-0.022
31.220,-0.019
31.225,-0.016
31.230,-0.023
31.235,-0.024
31.240,-0.016
31.245,-0.017
31.250,-0.023
31.255,-0.022
31.260,-0.022
31.265,-0.024
31.270,-0.020
31.275,-0.021
31.280,-0.030
31.285,-0.030
31.290,-0.026
31.295,-0.029
31.300,-0.026
31.305,-0.016
31.310,-0.021
31.315,-0.029
31.320,-0.021
31.325,-0.017
31.330,-0.027
31.335,-0.028
31.340,-0.023
31.345,-0.027
31.350,-0.034
31.355,-0.040
31.360,-0.058
31.365,-0.081
31.370,-0.089
31.375,-0.095
31.380,-0.106
31.385,-0.113
31.390,-0.120
31.395,-0.123
31.400,-0.115
31.405,-0.107
31.410,-0.112
31.415,-0.105
31.420,-0.072
31.425,-0.039
31.430,-0.018
31.435,0.009
31.440,0.041
31.445,0.052
31.450,0.055
31.455,0.066
31.460,0.065
31.465,0.055
31.470,0.055
31.475,0.057
31.480,0.050
31.485,0.051
31.490,0.062
31.495,0.065
31.500,0.033
31.505,-0.061
31.510,-0.259
31.515,-0.568
31.520,-0.967
31.525,-1.344
31.530,-1.337
31.535,-0.826
31.540,-0.205
31.545,0.188
31.550,0.288
31.555,0.294
31.560,0.334
31.565,0.319
31.570,0.294
31.575,0.296
31.580,0.286
31.585,0.280
31.590,0.279
31.595,0.263
31.600,0.249
31.605,0.246
31.610,0.235
31.615,0.220
31.620,0.215
31.625,0.206
31.630,0.187
31.635,0.179
31.640,0.174
31.645,0.156
31.650,0.143
31.655,0.140
31.660,0.128
31.665,0.112
31.670,0.104
31.675,0.100
31.680,0.084
31.685,0.071
31.690,0.068
31.695,0.052
31.700,0.037
31.705,0.033
31.710,0.020
31.715,0.003
31.720,0.000
31.725,-0.005
31.730,-0.022
31.735,-0.031
31.740,-0.034
31.745,-0.049
31.750,-0.058
31.755,-0.055
31.760,-0.061
31.765,-0.073
31.770,-0.075
31.775,-0.079
31.780,-0.089
31.785,-0.087
31.790,-0.078
31.795,-0.071
31.800,-0.054
31.805,-0.023
31.810,0.000
31.815,0.014
31.820,0.036
31.825,0.059
31.830,0.074
31.835,0.094
31.840,0.110
31.845,0.111
31.850,0.113
31.855,0.122
31.860,0.113
31.865,0.097
31.870,0.099
31.875,0.099
31.880,0.089
31.885,0.085
31.890,0.081
31.895,0.072
31.900,0.066
31.905,0.062
31.910,0.052
31.915,0.040
31.920,0.044
31.925,0.045
31.930,0.031
31.935,0.025
31.940,0.025
31.945,0.017
31.950,0.010
31.955,0.007
31.960,-0.002
31.965,-0.010
31.970,-0.006
31.975,-0.006
31.980,-0.015
31.985,-0.016
31.990,-0.012
31.995,-0.014
32.000,-0.017
32.005,-0.018
32.010,-0.021
32.015,-0.021
32.020,-0.019
32.025,-0.024
32.030,-0.030
32.035,-0.024
32.040,-0.014
32.045,-0.015
32.050,-0.016
32.055,-0.011
32.060,-0.014
32.065,-0.019
32.070,-0.013
32.075,-0.013
32.080,-0.025
32.085,-0.023
32.090,-0.012
32.095,-0.018
32.100,-0.025
32.105,-0.016
32.110,-0.011
32.115,-0.020
32.120,-0.023
32.125,-0.022
32.130,-0.029
32.135,-0.028
32.140,-0.020
32.145,-0.025
32.150,-0.030
32.155,-0.022
32.160,-0.024
32.165,-0.033
32.170,-0.022
32.175,-0.016
32.180,-0.025
32.185,-0.024
32.190,-0.021
32.195,-0.028
32.200,-0.036
32.205,-0.033
32.210,-0.031
32.215,-0.032
32.220,-0.023
32.225,-0.018
32.230,-0.024
32.235,-0.034
32.240,-0.046
32.245,-0.064
32.250,-0.077
32.255,-0.078
32.260,-0.085
32.265,-0.093
32.270,-0.104
32.275,-0.123
32.280,-0.126
32.285,-0.109
32.290,-0.099
32.295,-0.109
32.300,-0.100
32.305,-0.060
32.310,-0.029
32.315,-0.011
32.320,0.023
32.325,0.052
32.330,0.059
32.335,0.064
32.340,0.069
32.345,0.064
32.350,0.061
32.355,0.064
32.360,0.057
32.365,0.048
32.370,0.053
32.375,0.074
32.380,0.081
32.385,0.023
32.390,-0.133
32.395,-0.395
32.400,-0.764
32.405,-1.198
32.410,-1.401
32.415,-1.051
32.420,-0.400
32.425,0.095
32.430,0.278
32.435,0.295
32.440,0.326
32.445,0.317
32.450,0.277
32.455,0.283
32.460,0.288
32.465,0.274
32.470,0.271
32.475,0.267
32.480,0.247
32.485,0.239
32.490,0.235
32.495,0.216
32.500,0.200
32.505,0.193
32.510,0.182
32.515,0.175
32.520,0.174
32.525,0.158
32.530,0.135
32.535,0.130
32.540,0.132
32.545,0.119
32.550,0.103
32.555,0.096
32.560,0.088
32.565,0.076
32.570,0.070
32.575,0.055
32.580,0.032
32.585,0.025
32.590,0.027
32.595,0.018
32.600,0.013
32.605,0.015
32.610,0.000
32.615,-0.018
32.620,-0.026
32.625,-0.034
32.630,-0.043
32.635,-0.046
32.640,-0.052
32.645,-0.063
32.650,-0.063
32.655,-0.056
32.660,-0.059
32.665,-0.066
32.670,-0.067
32.675,-0.066
32.680,-0.067
32.685,-0.045
32.690,-0.009
32.695,0.006
32.700,0.021
32.705,0.047
32.710,0.061
32.715,0.070
32.720,0.086
32.725,0.096
32.730,0.099
32.735,0.102
32.740,0.102
32.745,0.093
32.750,0.090
32.755,0.097
32.760,0.090
32.765,0.078
32.770,0.084
32.775,0.082
32.780,0.059
32.785,0.048
32.790,0.047
32.795,0.040
32.800,0.037
32.805,0.038
32.810,0.026
32.815,0.012
32.820,0.010
32.825,0.007
32.830,-0.006
32.835,-0.008
32.840,-0.002
32.845,-0.012
32.850,-0.018
32.855,-0.010
32.860,-0.014
32.865,-0.027
32.870,-0.024
32.875,-0.015
32.880,-0.023
32.885,-0.031
32.890,-0.022
32.895,-0.019
32.900,-0.024
32.905,-0.019
32.910,-0.015
32.915,-0.018
32.920,-0.018
32.925,-0.017
32.930,-0.018
32.935,-0.016
32.940,-0.010
32.945,-0.008
32.950,-0.012
32.955,-0.014
32.960,-0.017
32.965,-0.021
32.970,-0.020
32.975,-0.019
32.980,-0.027
32.985,-0.035
32.990,-0.048
32.995,-0.068
33.000,-0.078
33.005,-0.080
33.010,-0.092
33.015,-0.095
33.020,-0.092
33.025,-0.108
33.030,-0.118
33.035,-0.114
33.040,-0.109
33.045,-0.099
33.050,-0.067
33.055,-0.034
33.060,-0.021
33.065,0.002
33.070,0.035
33.075,0.045
33.080,0.043
33.085,0.051
33.090,0.059
33.095,0.060
33.100,0.058
33.105,0.056
33.110,0.046
33.115,0.033
33.120,0.043
33.125,0.064
33.130,0.065
33.135,0.004
33.140,-0.145
33.145,-0.395
33.150,-0.761
33.155,-1.215
33.160,-1.470
33.165,-1.144
33.170,-0.432
33.175,0.118
33.180,0.323
33.185,0.347
33.190,0.342
33.195,0.308
33.200,0.280
33.205,0.282
33.210,0.263
33.215,0.247
33.220,0.252
33.225,0.247
33.230,0.235
33.235,0.234
33.240,0.229
33.245,0.204
33.250,0.184
33.255,0.183
33.260,0.175
33.265,0.155
33.270,0.147
33.275,0.140
33.280,0.122
33.285,0.113
33.290,0.108
33.295,0.098
33.300,0.091
33.305,0.083
33.310,0.072
33.315,0.056
33.320,0.042
33.325,0.032
33.330,0.026
33.335,0.020
33.340,0.009
33.345,0.004
33.350,0.004
33.355,-0.005
33.360,-0.020
33.365,-0.036
33.370,-0.040
33.375,-0.046
33.380,-0.062
33.385,-0.058
33.390,-0.050
33.395,-0.063
33.400,-0.069
33.405,-0.068
33.410,-0.081
33.415,-0.089
33.420,-0.079
33.425,-0.064
33.430,-0.042
33.435,-0.012
33.440,0.012
33.445,0.027
33.450,0.050
33.455,0.076
33.460,0.084
33.465,0.089
33.470,0.105
33.475,0.110
33.480,0.104
33.485,0.106
33.490,0.112
33.495,0.105
33.500,0.100
33.505,0.104
33.510,0.099
33.515,0.086
33.520,0.081
33.525,0.080
33.530,0.074
33.535,0.067
33.540,0.061
33.545,0.049
33.550,0.041
33.555,0.037
33.560,0.026
33.565,0.012
33.570,0.009
33.575,0.010
33.580,-0.001
33.585,-0.010
33.590,-0.015
33.595,-0.025
33.600,-0.026
33.605,-0.021
33.610,-0.027
33.615,-0.033
33.620,-0.028
33.625,-0.027
33.630,-0.033
33.635,-0.032
33.640,-0.030
33.645,-0.040
33.650,-0.044
33.655,-0.035
33.660,-0.031
33.665,-0.028
33.670,-0.026
33.675,-0.032
33.680,-0.037
33.685,-0.027
33.690,-0.018
33.695,-0.026
33.700,-0.032
33.705,-0.025
33.710,-0.026
33.715,-0.028
33.720,-0.025
33.725,-0.027
33.730,-0.032
33.735,-0.030
33.740,-0.028
33.745,-0.031
33.750,-0.029
33.755,-0.021
33.760,-0.027
33.765,-0.045
33.770,-0.057
33.775,-0.067
33.780,-0.084
33.785,-0.091
33.790,-0.090
33.795,-0.094
33.800,-0.104
33.805,-0.113
33.810,-0.115
33.815,-0.116
33.820,-0.112
33.825,-0.103
33.830,-0.082
33.835,-0.046
33.840,-0.022
33.845,-0.007
33.850,0.021
33.855,0.040
33.860,0.039
33.865,0.043
33.870,0.053
33.875,0.049
33.880,0.042
33.885,0.049
33.890,0.051
33.895,0.042
33.900,0.050
33.905,0.072
33.910,0.047
33.915,-0.067
33.920,-0.269
33.925,-0.576
33.930,-1.004
33.935,-1.421
33.940,-1.430
33.945,-0.877
33.950,-0.186
33.955,0.237
33.960,0.344
33.965,0.338
33.970,0.347
33.975,0.320
33.980,0.288
33.985,0.288
33.990,0.287
33.995,0.278
34.000,0.268
34.005,0.258
34.010,0.243
34.015,0.233
34.020,0.234
34.025,0.226
34.030,0.209
34.035,0.196
34.040,0.188
34.045,0.175
34.050,0.162
34.055,0.155
34.060,0.141
34.065,0.130
34.070,0.130
34.075,0.120
34.080,0.101
34.085,0.088
34.090,0.075
34.095,0.060
34.100,0.055
34.105,0.056
34.110,0.043
34.115,0.026
34.120,0.023
34.125,0.015
34.130,-0.002
34.135,-0.005
34.140,-0.006
34.145,-0.022
34.150,-0.038
34.155,-0.041
34.160,-0.048
34.165,-0.057
34.170,-0.058
34.175,-0.064
34.180,-0.077
34.185,-0.077
34.190,-0.076
34.195,-0.084
34.200,-0.076
34.205,-0.054
34.210,-0.039
34.215,-0.019
34.220,0.012
34.225,0.034
34.230,0.047
34.235,0.069
34.240,0.089
34.245,0.098
34.250,0.106
34.255,0.118
34.260,0.121
34.265,0.116
34.270,0.117
34.275,0.113
34.280,0.103
34.285,0.098
34.290,0.094
34.295,0.087
34.300,0.086
34.305,0.083
34.310,0.071
34.315,0.061
34.320,0.058
34.325,0.048
34.330,0.033
34.335,0.034
34.340,0.035
34.345,0.021
34.350,0.016
34.355,0.016
34.360,0.004
34.365,-0.005
34.370,-0.006
34.375,-0.011
34.380,-0.018
34.385,-0.014
34.390,-0.011
34.395,-0.020
34.400,-0.021
34.405,-0.011
34.410,-0.013
34.415,-0.018
34.420,-0.015
34.425,-0.018
34.430,-0.025
34.435,-0.020
34.440,-0.013
34.445,-0.016
34.450,-0.012
34.455,-0.003
34.460,-0.011
34.465,-0.017
34.470,-0.011
34.475,-0.013
34.480,-0.020
34.485,-0.018
34.490,-0.017
34.495,-0.025
34.500,-0.025
34.505,-0.016
34.510,-0.017
34.515,-0.019
34.520,-0.017
34.525,-0.021
34.530,-0.024
34.535,-0.020
34.540,-0.020
34.545,-0.029
34.550,-0.031
34.555,-0.024
34.560,-0.025
34.565,-0.027
34.570,-0.024
34.575,-0.029
34.580,-0.038
34.585,-0.032
34.590,-0.022
34.595,-0.027
34.600,-0.031
34.605,-0.025
34.610,-0.026
34.615,-0.029
34.620,-0.024
34.625,-0.028
34.630,-0.033
34.635,-0.026
34.640,-0.027
34.645,-0.047
34.650,-0.065
34.655,-0.074
34.660,-0.086
34.665,-0.094
34.670,-0.091
34.675,-0.103
34.680,-0.127
34.685,-0.123
34.690,-0.105
34.695,-0.107
34.700,-0.107
34.705,-0.085
34.710,-0.058
34.715,-0.030
34.720,0.003
34.725,0.028
34.730,0.044
34.735,0.057
34.740,0.063
34.745,0.060
34.750,0.058
34.755,0.061
34.760,0.056
34.765,0.050
34.770,0.055
34.775,0.064
34.780,0.073
34.785,0.057
34.790,-0.047
34.795,-0.259
34.800,-0.566
34.805,-0.978
34.810,-1.390
34.815,-1.403
34.820,-0.872
34.825,-0.218
34.830,0.200
34.835,0.325
34.840,0.329
34.845,0.349
34.850,0.334
34.855,0.309
34.860,0.303
34.865,0.297
34.870,0.294
34.875,0.286
34.880,0.270
34.885,0.263
34.890,0.255
34.895,0.238
34.900,0.229
34.905,0.225
34.910,0.208
34.915,0.190
34.920,0.185
34.925,0.176
34.930,0.160
34.935,0.152
34.940,0.142
34.945,0.125
34.950,0.117
34.955,0.112
34.960,0.095
34.965,0.082
34.970,0.080
34.975,0.071
34.980,0.054
34.985,0.045
34.990,0.037
34.995,0.020
35.000,0.010
35.005,0.004
35.010,-0.010
35.015,-0.020
35.020,-0.020
35.025,-0.032
35.030,-0.051
35.035,-0.054
35.040,-0.055
35.045,-0.067
35.050,-0.071
35.055,-0.072
35.060,-0.080
35.065,-0.082
35.070,-0.078
35.075,-0.076
35.080,-0.069
35.085,-0.049
35.090,-0.034
35.095,-0.022
35.100,0.007
35.105,0.035
35.110,0.050
35.115,0.068
35.120,0.091
35.125,0.102
35.130,0.107
35.135,0.116
35.140,0.117
35.145,0.107
35.150,0.106
35.155,0.109
35.160,0.099
35.165,0.091
35.170,0.091
35.175,0.082
35.180,0.068
35.185,0.065
35.190,0.061
35.195,0.051
35.200,0.049
35.205,0.050
35.210,0.038
35.215,0.028
35.220,0.029
35.225,0.019
35.230,0.007
35.235,0.009
35.240,0.009
35.245,-0.001
35.250,-0.005
35.255,-0.002
35.260,-0.010
35.265,-0.018
35.270,-0.014
35.275,-0.014
35.280,-0.020
35.285,-0.017
35.290,-0.015
35.295,-0.023
35.300,-0.021
35.305,-0.011
35.310,-0.015
35.315,-0.018
35.320,-0.009
35.325,-0.010
35.330,-0.019
35.335,-0.015
35.340,-0.011
35.345,-0.019
35.350,-0.019
35.355,-0.015
35.360,-0.021
35.365,-0.024
35.370,-0.016
35.375,-0.015
35.380,-0.022
35.385,-0.021
35.390,-0.019
35.395,-0.025
35.400,-0.027
35.405,-0.019
35.410,-0.021
35.415,-0.027
35.420,-0.021
35.425,-0.023
35.430,-0.030
35.435,-0.025
35.440,-0.021
35.445,-0.027
35.450,-0.027
35.455,-0.023
35.460,-0.028
35.465,-0.029
35.470,-0.023
35.475,-0.026
35.480,-0.031
35.485,-0.027
35.490,-0.026
35.495,-0.031
35.500,-0.027
35.505,-0.024
35.510,-0.037
35.515,-0.054
35.520,-0.065
35.525,-0.081
35.530,-0.097
35.535,-0.095
35.540,-0.094
35.545,-0.113
35.550,-0.126
35.555,-0.114
35.560,-0.105
35.565,-0.111
35.570,-0.105
35.575,-0.085
35.580,-0.059
35.585,-0.025
35.590,0.004
35.595,0.023
35.600,0.045
35.605,0.061
35.610,0.066
35.615,0.066
35.620,0.068
35.625,0.062
35.630,0.055
35.635,0.059
35.640,0.058
35.645,0.054
35.650,0.067
35.655,0.066
35.660,-0.010
35.665,-0.176
35.670,-0.432
35.675,-0.796
35.680,-1.226
35.685,-1.411
35.690,-1.070
35.695,-0.453
35.700,0.060
35.705,0.285
35.710,0.290
35.715,0.319
35.720,0.346
35.725,0.311
35.730,0.293
35.735,0.296
35.740,0.294
35.745,0.281
35.750,0.276
35.755,0.272
35.760,0.254
35.765,0.238
35.770,0.233
35.775,0.220
35.780,0.202
35.785,0.195
35.790,0.184
35.795,0.171
35.800,0.165
35.805,0.155
35.810,0.138
35.815,0.128
35.820,0.126
35.825,0.112
35.830,0.093
35.835,0.089
35.840,0.083
35.845,0.066
35.850,0.057
35.855,0.050
35.860,0.033
35.865,0.025
35.870,0.024
35.875,0.010
35.880,-0.005
35.885,-0.009
35.890,-0.016
35.895,-0.035
35.900,-0.044
35.905,-0.048
35.910,-0.063
35.915,-0.075
35.920,-0.074
35.925,-0.076
35.930,-0.085
35.935,-0.083
35.940,-0.080
35.945,-0.087
35.950,-0.080
35.955,-0.059
35.960,-0.044
35.965,-0.027
35.970,-0.002
35.975,0.014
35.980,0.032
35.985,0.061
35.990,0.080
35.995,0.087
36.000,0.099
36.005,0.111
36.010,0.109
36.015,0.105
36.020,0.108
36.025,0.103
36.030,0.093
36.035,0.093
36.040,0.090
36.045,0.076
36.050,0.070
36.055,0.072
36.060,0.063
36.065,0.054
36.070,0.052
36.075,0.040
36.080,0.029
36.085,0.035
36.090,0.034
36.095,0.021
36.100,0.020
36.105,0.023
36.110,0.011
36.115,0.002
36.120,0.004
36.125,-0.002
36.130,-0.011
36.135,-0.010
36.140,-0.010
36.145,-0.017
36.150,-0.013
36.155,-0.007
36.160,-0.013
36.165,-0.018
36.170,-0.014
36.175,-0.016
36.180,-0.024
36.185,-0.022
36.190,-0.021
36.195,-0.023
36.200,-0.020
36.205,-0.016
36.210,-0.018
36.215,-0.018
36.220,-0.012
36.225,-0.018
36.230,-0.026
36.235,-0.017
36.240,-0.011
36.245,-0.019
36.250,-0.016
36.255,-0.008
36.260,-0.017
36.265,-0.024
36.270,-0.015
36.275,-0.014
36.280,-0.021
36.285,-0.021
36.290,-0.023
36.295,-0.031
36.300,-0.029
36.305,-0.020
36.310,-0.021
36.315,-0.020
36.320,-0.015
36.325,-0.028
36.330,-0.043
36.335,-0.032
36.340,-0.019
36.345,-0.025
36.350,-0.028
36.355,-0.029
36.360,-0.040
36.365,-0.036
36.370,-0.021
36.375,-0.020
36.380,-0.023
36.385,-0.021
36.390,-0.024
36.395,-0.036
36.400,-0.039
36.405,-0.034
36.410,-0.035
36.415,-0.042
36.420,-0.051
36.425,-0.070
36.430,-0.088
36.435,-0.085
36.440,-0.082
36.445,-0.096
36.450,-0.112
36.455,-0.122
36.460,-0.123
36.465,-0.120
36.470,-0.111
36.475,-0.100
36.480,-0.081
36.485,-0.041
36.490,-0.009
36.495,0.008
36.500,0.039
36.505,0.066
36.510,0.064
36.515,0.056
36.520,0.061
36.525,0.063
36.530,0.059
36.535,0.061
36.540,0.061
36.545,0.054
36.550,0.061
36.555,0.079
36.560,0.061
36.565,-0.030
36.570,-0.207
36.575,-0.491
36.580,-0.894
36.585,-1.291
36.590,-1.320
36.595,-0.851
36.600,-0.238
36.605,0.167
36.610,0.277
36.615,0.294
36.620,0.343
36.625,0.323
36.630,0.286
36.635,0.293
36.640,0.289
36.645,0.275
36.650,0.272
36.655,0.270
36.660,0.254
36.665,0.238
36.670,0.234
36.675,0.220
36.680,0.204
36.685,0.200
36.690,0.190
36.695,0.171
36.700,0.163
36.705,0.161
36.710,0.145
36.715,0.132
36.720,0.130
36.725,0.114
36.730,0.097
36.735,0.094
36.740,0.084
36.745,0.071
36.750,0.071
36.755,0.064
36.760,0.040
36.765,0.022
36.770,0.019
36.775,0.015
36.780,0.005
36.785,0.001
36.790,-0.006
36.795,-0.021
36.800,-0.028
36.805,-0.033
36.810,-0.046
36.815,-0.057
36.820,-0.057
36.825,-0.059
36.830,-0.068
36.835,-0.072
36.840,-0.079
36.845,-0.085
36.850,-0.077
36.855,-0.062
36.860,-0.052
36.865,-0.035
36.870,-0.017
36.875,-0.004
36.880,0.016
36.885,0.045
36.890,0.063
36.895,0.065
36.900,0.074
36.905,0.087
36.910,0.095
36.915,0.108
36.920,0.116
36.925,0.107
36.930,0.100
36.935,0.098
36.940,0.087
36.945,0.078
36.950,0.079
36.955,0.075
36.960,0.061
36.965,0.055
36.970,0.058
36.975,0.050
36.980,0.037
36.985,0.038
36.990,0.036
36.995,0.022
37.000,0.018
37.005,0.016
37.010,0.004
37.015,-0.002
37.020,0.001
37.025,-0.005
37.030,-0.013
37.035,-0.008
37.040,-0.002
37.045,-0.011
37.050,-0.021
37.055,-0.019
37.060,-0.021
37.065,-0.022
37.070,-0.016
37.075,-0.019
37.080,-0.022
37.085,-0.012
37.090,-0.008
37.095,-0.010
37.100,-0.009
37.105,-0.017
37.110,-0.026
37.115,-0.021
37.120,-0.010
37.125,-0.008
37.130,-0.016
37.135,-0.019
37.140,-0.017
37.145,-0.019
37.150,-0.016
37.155,-0.013
37.160,-0.016
37.165,-0.020
37.170,-0.021
37.175,-0.028
37.180,-0.033
37.185,-0.040
37.190,-0.064
37.195,-0.088
37.200,-0.094
37.205,-0.089
37.210,-0.093
37.215,-0.112
37.220,-0.119
37.225,-0.114
37.230,-0.114
37.235,-0.109
37.240,-0.094
37.245,-0.065
37.250,-0.032
37.255,-0.007
37.260,0.019
37.265,0.042
37.270,0.054
37.275,0.055
37.280,0.055
37.285,0.058
37.290,0.061
37.295,0.055
37.300,0.051
37.305,0.046
37.310,0.039
37.315,0.048
37.320,0.073
37.325,0.065
37.330,-0.021
37.335,-0.200
37.340,-0.482
37.345,-0.893
37.350,-1.336
37.355,-1.418
37.360,-0.923
37.365,-0.249
37.370,0.178
37.375,0.310
37.380,0.320
37.385,0.324
37.390,0.294
37.395,0.259
37.400,0.260
37.405,0.270
37.410,0.262
37.415,0.246
37.420,0.239
37.425,0.227
37.430,0.215
37.435,0.214
37.440,0.205
37.445,0.187
37.450,0.175
37.455,0.167
37.460,0.150
37.465,0.139
37.470,0.134
37.475,0.121
37.480,0.107
37.485,0.104
37.490,0.095
37.495,0.079
37.500,0.072
37.505,0.064
37.510,0.048
37.515,0.040
37.520,0.037
37.525,0.026
37.530,0.017
37.535,0.015
37.540,0.001
37.545,-0.021
37.550,-0.025
37.555,-0.028
37.560,-0.044
37.565,-0.053
37.570,-0.054
37.575,-0.061
37.580,-0.072
37.585,-0.073
37.590,-0.073
37.595,-0.078
37.600,-0.081
37.605,-0.081
37.610,-0.084
37.615,-0.079
37.620,-0.060
37.625,-0.045
37.630,-0.029
37.635,-0.001
37.640,0.023
37.645,0.041
37.650,0.066
37.655,0.084
37.660,0.090
37.665,0.100
37.670,0.113
37.675,0.114
37.680,0.107
37.685,0.111
37.690,0.109
37.695,0.096
37.700,0.091
37.705,0.092
37.710,0.083
37.715,0.076
37.720,0.073
37.725,0.064
37.730,0.055
37.735,0.055
37.740,0.047
37.745,0.033
37.750,0.029
37.755,0.026
37.760,0.015
37.765,0.012
37.770,0.014
37.775,0.004
37.780,-0.007
37.785,-0.006
37.790,-0.008
37.795,-0.016
37.800,-0.017
37.805,-0.013
37.810,-0.019
37.815,-0.025
37.820,-0.022
37.825,-0.023
37.830,-0.021
37.835,-0.014
37.840,-0.017
37.845,-0.023
37.850,-0.017
37.855,-0.010
37.860,-0.013
37.865,-0.013
37.870,-0.008
37.875,-0.013
37.880,-0.019
37.885,-0.014
37.890,-0.014
37.895,-0.018
37.900,-0.017
37.905,-0.018
37.910,-0.024
37.915,-0.022
37.920,-0.019
37.925,-0.023
37.930,-0.023
37.935,-0.018
37.940,-0.022
37.945,-0.029
37.950,-0.023
37.955,-0.015
37.960,-0.021
37.965,-0.025
37.970,-0.019
37.975,-0.022
37.980,-0.027
37.985,-0.021
37.990,-0.023
37.995,-0.031
38.000,-0.026
38.005,-0.024
38.010,-0.033
38.015,-0.032
38.020,-0.024
38.025,-0.029
38.030,-0.032
38.035,-0.023
38.040,-0.021
38.045,-0.030
38.050,-0.033
38.055,-0.040
38.060,-0.059
38.065,-0.070
38.070,-0.074
38.075,-0.085
38.080,-0.090
38.085,-0.089
38.090,-0.110
38.095,-0.125
38.100,-0.110
38.105,-0.105
38.110,-0.112
38.115,-0.092
38.120,-0.055
38.125,-0.033
38.130,-0.009
38.135,0.028
38.140,0.051
38.145,0.057
38.150,0.064
38.155,0.069
38.160,0.064
38.165,0.065
38.170,0.071
38.175,0.061
38.180,0.051
38.185,0.063
38.190,0.077
38.195,0.057
38.200,-0.028
38.205,-0.211
38.210,-0.504
38.215,-0.907
38.220,-1.329
38.225,-1.409
38.230,-0.941
38.235,-0.283
38.240,0.165
38.245,0.308
38.250,0.322
38.255,0.351
38.260,0.331
38.265,0.302
38.270,0.305
38.275,0.294
38.280,0.286
38.285,0.289
38.290,0.278
38.295,0.257
38.300,0.253
38.305,0.249
38.310,0.229
38.315,0.216
38.320,0.212
38.325,0.197
38.330,0.184
38.335,0.181
38.340,0.168
38.345,0.149
38.350,0.140
38.355,0.129
38.360,0.113
38.365,0.112
38.370,0.110
38.375,0.091
38.380,0.075
38.385,0.076
38.390,0.066
38.395,0.047
38.400,0.042
38.405,0.036
38.410,0.019
38.415,0.007
38.420,0.001
38.425,-0.010
38.430,-0.020
38.435,-0.024
38.440,-0.036
38.445,-0.050
38.450,-0.049
38.455,-0.051
38.460,-0.063
38.465,-0.069
38.470,-0.068
38.475,-0.077
38.480,-0.080
38.485,-0.072
38.490,-0.071
38.495,-0.064
38.500,-0.038
38.505,-0.013
38.510,0.001
38.515,0.022
38.520,0.046
38.525,0.061
38.530,0.073
38.535,0.089
38.540,0.100
38.545,0.102
38.550,0.109
38.555,0.112
38.560,0.101
38.565,0.096
38.570,0.096
38.575,0.083
38.580,0.075
38.585,0.078
38.590,0.074
38.595,0.060
38.600,0.055
38.605,0.052
38.610,0.042
38.615,0.038
38.620,0.038
38.625,0.027
38.630,0.018
38.635,0.016
38.640,0.010
38.645,-0.001
38.650,-0.003
38.655,-0.006
38.660,-0.015
38.665,-0.016
38.670,-0.012
38.675,-0.018
38.680,-0.023
38.685,-0.017
38.690,-0.019
38.695,-0.026
38.700,-0.023
38.705,-0.018
38.710,-0.018
38.715,-0.014
38.720,-0.010
38.725,-0.016
38.730,-0.019
38.735,-0.012
38.740,-0.011
38.745,-0.018
38.750,-0.016
38.755,-0.011
38.760,-0.017
38.765,-0.019
38.770,-0.012
38.775,-0.016
38.780,-0.020
38.785,-0.014
38.790,-0.016
38.795,-0.020
38.800,-0.017
38.805,-0.019
38.810,-0.027
38.815,-0.026
38.820,-0.026
38.825,-0.041
38.830,-0.056
38.835,-0.068
38.840,-0.090
38.845,-0.109
38.850,-0.102
38.855,-0.090
38.860,-0.107
38.865,-0.121
38.870,-0.111
38.875,-0.111
38.880,-0.112
38.885,-0.092
38.890,-0.068
38.895,-0.046
38.900,-0.017
38.905,0.012
38.910,0.031
38.915,0.045
38.920,0.056
38.925,0.061
38.930,0.063
38.935,0.066
38.940,0.059
38.945,0.048
38.950,0.050
38.955,0.054
38.960,0.051
38.965,0.062
38.970,0.063
38.975,-0.007
38.980,-0.167
38.985,-0.420
38.990,-0.786
38.995,-1.222
39.000,-1.420
39.005,-1.086
39.010,-0.468
39.015,0.041
39.020,0.265
39.025,0.281
39.030,0.313
39.035,0.335
39.040,0.300
39.045,0.285
39.050,0.288
39.055,0.289
39.060,0.279
39.065,0.269
39.070,0.263
39.075,0.246
39.080,0.234
39.085,0.229
39.090,0.215
39.095,0.198
39.100,0.189
39.105,0.179
39.110,0.162
39.115,0.152
39.120,0.147
39.125,0.131
39.130,0.117
39.135,0.113
39.140,0.099
39.145,0.083
39.150,0.081
39.155,0.074
39.160,0.055
39.165,0.046
39.170,0.040
39.175,0.025
39.180,0.013
39.185,0.009
39.190,0.000
39.195,-0.012
39.200,-0.017
39.205,-0.026
39.210,-0.046
39.215,-0.054
39.220,-0.057
39.225,-0.069
39.230,-0.078
39.235,-0.077
39.240,-0.083
39.245,-0.095
39.250,-0.093
39.255,-0.087
39.260,-0.088
39.265,-0.080
39.270,-0.061
39.275,-0.044
39.280,-0.021
39.285,0.008
39.290,0.030
39.295,0.046
39.300,0.072
39.305,0.089
39.310,0.093
39.315,0.101
39.320,0.110
39.325,0.109
39.330,0.104
39.335,0.106
39.340,0.100
39.345,0.091
39.350,0.091
39.355,0.086
39.360,0.072
39.365,0.067
39.370,0.071
39.375,0.061
39.380,0.048
39.385,0.052
39.390,0.049
39.395,0.038
39.400,0.037
39.405,0.032
39.410,0.015
39.415,0.008
39.420,0.012
39.425,0.007
39.430,-0.004
39.435,-0.007
39.440,-0.007
39.445,-0.012
39.450,-0.005
39.455,-0.003
39.460,-0.017
39.465,-0.019
39.470,-0.015
39.475,-0.019
39.480,-0.017
39.485,-0.010
39.490,-0.013
39.495,-0.023
39.500,-0.020
39.505,-0.010
39.510,-0.015
39.515,-0.022
39.520,-0.021
39.525,-0.022
39.530,-0.015
39.535,-0.006
39.540,-0.010
39.545,-0.014
39.550,-0.012
39.555,-0.017
39.560,-0.023
39.565,-0.021
39.570,-0.019
39.575,-0.021
39.580,-0.018
39.585,-0.016
39.590,-0.025
39.595,-0.027
39.600,-0.017
39.605,-0.015
39.610,-0.025
39.615,-0.025
39.620,-0.010
39.625,-0.006
39.630,-0.013
39.635,-0.018
39.640,-0.022
39.645,-0.025
39.650,-0.023
39.655,-0.019
39.660,-0.019
39.665,-0.017
39.670,-0.015
39.675,-0.021
39.680,-0.023
39.685,-0.013
39.690,-0.012
39.695,-0.024
39.700,-0.025
39.705,-0.017
39.710,-0.022
39.715,-0.027
39.720,-0.025
39.725,-0.033
39.730,-0.033
39.735,-0.024
39.740,-0.027
39.745,-0.032
39.750,-0.023
39.755,-0.016
39.760,-0.028
39.765,-0.035
39.770,-0.023
39.775,-0.036
39.780,-0.073
39.785,-0.093
39.790,-0.103
39.795,-0.104
39.800,-0.091
39.805,-0.090
39.810,-0.105
39.815,-0.104
39.820,-0.090
39.825,-0.090
39.830,-0.093
39.835,-0.076
39.840,-0.049
39.845,-0.021
39.850,0.009
39.855,0.037
39.860,0.052
39.865,0.063
39.870,0.073
39.875,0.065
39.880,0.059
39.885,0.069
39.890,0.068
39.895,0.054
39.900,0.054
39.905,0.070
39.910,0.083
39.915,0.062
39.920,-0.047
39.925,-0.270
39.930,-0.594
39.935,-1.022
39.940,-1.395
39.945,-1.290
39.950,-0.688
39.955,-0.075
39.960,0.247
39.965,0.316
39.970,0.329
39.975,0.330
39.980,0.296
39.985,0.289
39.990,0.293
39.995,0.286
40.000,0.287
40.005,0.278
40.010,0.257
40.015,0.249
40.020,0.247
40.025,0.235
40.030,0.218
40.035,0.206
40.040,0.193
40.045,0.182
40.050,0.180
40.055,0.168
40.060,0.152
40.065,0.147
40.070,0.137
40.075,0.117
40.080,0.110
40.085,0.106
40.090,0.085
40.095,0.075
40.100,0.077
40.105,0.062
40.110,0.042
40.115,0.038
40.120,0.039
40.125,0.029
40.130,0.013
40.135,0.006
40.140,0.002
40.145,-0.005
40.150,-0.013
40.155,-0.022
40.160,-0.032
40.165,-0.039
40.170,-0.046
40.175,-0.057
40.180,-0.065
40.185,-0.060
40.190,-0.061
40.195,-0.068
40.200,-0.064
40.205,-0.061
40.210,-0.068
40.215,-0.060
40.220,-0.041
40.225,-0.035
40.230,-0.019
40.235,0.014
40.240,0.030
40.245,0.039
40.250,0.059
40.255,0.069
40.260,0.073
40.265,0.088
40.270,0.093
40.275,0.085
40.280,0.087
40.285,0.094
40.290,0.088
40.295,0.074
40.300,0.075
40.305,0.076
40.310,0.060
40.315,0.055
40.320,0.059
40.325,0.047
40.330,0.032
40.335,0.027
40.340,0.023
40.345,0.019
40.350,0.021
40.355,0.016
40.360,0.003
40.365,0.001
40.370,0.000
40.375,-0.005
40.380,-0.007
40.385,-0.007
40.390,-0.014
40.395,-0.019
40.400,-0.013
40.405,-0.016
40.410,-0.024
40.415,-0.015
40.420,-0.002
40.425,-0.005
40.430,-0.009
40.435,-0.002
40.440,-0.001
40.445,-0.010
40.450,-0.004
40.455,0.002
40.460,-0.007
40.465,-0.010
40.470,-0.009
40.475,-0.012
40.480,-0.006
40.485,-0.002
40.490,-0.010
40.495,-0.006
40.500,0.007
40.505,-0.002
40.510,-0.019
40.515,-0.019
40.520,-0.021
40.525,-0.038
40.530,-0.057
40.535,-0.068
40.540,-0.076
40.545,-0.083
40.550,-0.077
40.555,-0.077
40.560,-0.101
40.565,-0.113
40.570,-0.103
40.575,-0.108
40.580,-0.108
40.585,-0.083
40.590,-0.056
40.595,-0.030
40.600,0.009
40.605,0.039
40.610,0.042
40.615,0.044
40.620,0.057
40.625,0.059
40.630,0.053
40.635,0.055
40.640,0.054
40.645,0.042
40.650,0.039
40.655,0.041
40.660,0.055
40.665,0.074
40.670,0.023
40.675,-0.139
40.680,-0.392
40.685,-0.749
40.690,-1.209
40.695,-1.490
40.700,-1.195
40.705,-0.499
40.710,0.060
40.715,0.291
40.720,0.332
40.725,0.333
40.730,0.307
40.735,0.276
40.740,0.267
40.745,0.260
40.750,0.259
40.755,0.255
40.760,0.240
40.765,0.229
40.770,0.224
40.775,0.211
40.780,0.200
40.785,0.195
40.790,0.182
40.795,0.163
40.800,0.155
40.805,0.145
40.810,0.126
40.815,0.116
40.820,0.114
40.825,0.104
40.830,0.095
40.835,0.091
40.840,0.079
40.845,0.063
40.850,0.051
40.855,0.041
40.860,0.029
40.865,0.021
40.870,0.015
40.875,0.004
40.880,-0.003
40.885,-0.006
40.890,-0.017
40.895,-0.029
40.900,-0.032
40.905,-0.042
40.910,-0.057
40.915,-0.063
40.920,-0.064
40.925,-0.071
40.930,-0.075
40.935,-0.071
40.940,-0.077
40.945,-0.089
40.950,-0.087
40.955,-0.077
40.960,-0.069
40.965,-0.050
40.970,-0.025
40.975,-0.005
40.980,0.016
40.985,0.041
40.990,0.058
40.995,0.070
41.000,0.087
41.005,0.098
41.010,0.103
41.015,0.109
41.020,0.111
41.025,0.106
41.030,0.101
41.035,0.104
41.040,0.101
41.045,0.089
41.050,0.088
41.055,0.084
41.060,0.070
41.065,0.065
41.070,0.064
41.075,0.052
41.080,0.044
41.085,0.044
41.090,0.038
41.095,0.025
41.100,0.021
41.105,0.016
41.110,0.004
41.115,0.002
41.120,0.005
41.125,-0.004
41.130,-0.012
41.135,-0.007
41.140,-0.009
41.145,-0.016
41.150,-0.013
41.155,-0.015
41.160,-0.026
41.165,-0.026
41.170,-0.023
41.175,-0.028
41.180,-0.024
41.185,-0.012
41.190,-0.012
41.195,-0.014
41.200,-0.011
41.205,-0.011
41.210,-0.013
41.215,-0.011
41.220,-0.010
41.225,-0.018
41.230,-0.018
41.235,-0.012
41.240,-0.020
41.245,-0.026
41.250,-0.020
41.255,-0.017
41.260,-0.020
41.265,-0.016
41.270,-0.014
41.275,-0.020
41.280,-0.022
41.285,-0.018
41.290,-0.019
41.295,-0.021
41.300,-0.017
41.305,-0.019
41.310,-0.029
41.315,-0.029
41.320,-0.022
41.325,-0.025
41.330,-0.024
41.335,-0.015
41.340,-0.021
41.345,-0.028
41.350,-0.020
41.355,-0.020
41.360,-0.027
41.365,-0.025
41.370,-0.024
41.375,-0.027
41.380,-0.034
41.385,-0.045
41.390,-0.062
41.395,-0.081
41.400,-0.091
41.405,-0.092
41.410,-0.094
41.415,-0.104
41.420,-0.112
41.425,-0.112
41.430,-0.106
41.435,-0.104
41.440,-0.101
41.445,-0.078
41.450,-0.040
41.455,-0.013
41.460,0.004
41.465,0.032
41.470,0.056
41.475,0.058
41.480,0.059
41.485,0.065
41.490,0.060
41.495,0.054
41.500,0.058
41.505,0.057
41.510,0.054
41.515,0.067
41.520,0.070
41.525,0.011
41.530,-0.132
41.535,-0.370
41.540,-0.727
41.545,-1.177
41.550,-1.459
41.555,-1.218
41.560,-0.587
41.565,0.000
41.570,0.288
41.575,0.320
41.580,0.335
41.585,0.356
41.590,0.319
41.595,0.299
41.600,0.303
41.605,0.299
41.610,0.288
41.615,0.286
41.620,0.278
41.625,0.258
41.630,0.247
41.635,0.242
41.640,0.225
41.645,0.209
41.650,0.206
41.655,0.196
41.660,0.179
41.665,0.172
41.670,0.166
41.675,0.147
41.680,0.133
41.685,0.127
41.690,0.115
41.695,0.101
41.700,0.096
41.705,0.088
41.710,0.072
41.715,0.064
41.720,0.057
41.725,0.042
41.730,0.032
41.735,0.028
41.740,0.016
41.745,0.002
41.750,-0.002
41.755,-0.008
41.760,-0.024
41.765,-0.035
41.770,-0.042
41.775,-0.057
41.780,-0.064
41.785,-0.063
41.790,-0.072
41.795,-0.079
41.800,-0.075
41.805,-0.079
41.810,-0.087
41.815,-0.078
41.820,-0.063
41.825,-0.053
41.830,-0.033
41.835,-0.002
41.840,0.019
41.845,0.035
41.850,0.059
41.855,0.076
41.860,0.082
41.865,0.098
41.870,0.116
41.875,0.116
41.880,0.110
41.885,0.112
41.890,0.107
41.895,0.101
41.900,0.103
41.905,0.096
41.910,0.083
41.915,0.080
41.920,0.076
41.925,0.065
41.930,0.060
41.935,0.060
41.940,0.052
41.945,0.041
41.950,0.038
41.955,0.035
41.960,0.026
41.965,0.021
41.970,0.017
41.975,0.006
41.980,0.000
41.985,-0.001
41.990,-0.007
41.995,-0.013
42.000,-0.012
42.005,-0.016
42.010,-0.026
42.015,-0.024
42.020,-0.018
42.025,-0.024
42.030,-0.023
42.035,-0.014
42.040,-0.019
42.045,-0.025
42.050,-0.019
42.055,-0.016
42.060,-0.018
42.065,-0.015
42.070,-0.012
42.075,-0.017
42.080,-0.020
42.085,-0.014
42.090,-0.015
42.095,-0.019
42.100,-0.018
42.105,-0.020
42.110,-0.026
42.115,-0.023
42.120,-0.020
42.125,-0.024
42.130,-0.023
42.135,-0.018
42.140,-0.021
42.145,-0.023
42.150,-0.017
42.155,-0.019
42.160,-0.029
42.165,-0.027
42.170,-0.023
42.175,-0.031
42.180,-0.031
42.185,-0.022
42.190,-0.023
42.195,-0.027
42.200,-0.022
42.205,-0.022
42.210,-0.029
42.215,-0.029
42.220,-0.030
42.225,-0.048
42.230,-0.070
42.235,-0.084
42.240,-0.099
42.245,-0.105
42.250,-0.095
42.255,-0.101
42.260,-0.124
42.265,-0.120
42.270,-0.103
42.275,-0.104
42.280,-0.102
42.285,-0.078
42.290,-0.050
42.295,-0.031
42.300,-0.004
42.305,0.025
42.310,0.041
42.315,0.052
42.320,0.061
42.325,0.058
42.330,0.055
42.335,0.057
42.340,0.051
42.345,0.041
42.350,0.042
42.355,0.051
42.360,0.059
42.365,0.057
42.370,-0.006
42.375,-0.166
42.380,-0.417
42.385,-0.768
42.390,-1.204
42.395,-1.427
42.400,-1.113
42.405,-0.497
42.410,0.024
42.415,0.270
42.420,0.292
42.425,0.315
42.430,0.335
42.435,0.305
42.440,0.290
42.445,0.287
42.450,0.292
42.455,0.287
42.460,0.269
42.465,0.265
42.470,0.262
42.475,0.243
42.480,0.230
42.485,0.225
42.490,0.211
42.495,0.192
42.500,0.183
42.505,0.172
42.510,0.159
42.515,0.154
42.520,0.145
42.525,0.127
42.530,0.118
42.535,0.115
42.540,0.103
42.545,0.087
42.550,0.081
42.555,0.073
42.560,0.054
42.565,0.046
42.570,0.042
42.575,0.027
42.580,0.017
42.585,0.012
42.590,0.000
42.595,-0.012
42.600,-0.019
42.605,-0.029
42.610,-0.044
42.615,-0.052
42.620,-0.056
42.625,-0.067
42.630,-0.073
42.635,-0.072
42.640,-0.079
42.645,-0.086
42.650,-0.082
42.655,-0.075
42.660,-0.078
42.665,-0.067
42.670,-0.039
42.675,-0.022
42.680,-0.004
42.685,0.025
42.690,0.039
42.695,0.051
42.700,0.084
42.705,0.101
42.710,0.102
42.715,0.116
42.720,0.125
42.725,0.117
42.730,0.110
42.735,0.113
42.740,0.108
42.745,0.095
42.750,0.087
42.755,0.083
42.760,0.073
42.765,0.068
42.770,0.068
42.775,0.057
42.780,0.049
42.785,0.050
42.790,0.042
42.795,0.033
42.800,0.033
42.805,0.027
42.810,0.018
42.815,0.016
42.820,0.015
42.825,0.006
42.830,0.001
42.835,-0.001
42.840,-0.004
42.845,-0.006
42.850,-0.008
42.855,-0.018
42.860,-0.021
42.865,-0.013
42.870,-0.013
42.875,-0.021
42.880,-0.016
42.885,-0.005
42.890,-0.012
42.895,-0.019
42.900,-0.012
42.905,-0.011
42.910,-0.015
42.915,-0.014
42.920,-0.016
42.925,-0.023
42.930,-0.024
42.935,-0.019
42.940,-0.017
42.945,-0.020
42.950,-0.019
42.955,-0.022
42.960,-0.027
42.965,-0.021
42.970,-0.015
42.975,-0.020
42.980,-0.026
42.985,-0.028
42.990,-0.031
42.995,-0.032
43.000,-0.031
43.005,-0.034
43.010,-0.038
43.015,-0.031
43.020,-0.026
43.025,-0.031
43.030,-0.031
43.035,-0.025
43.040,-0.028
43.045,-0.032
43.050,-0.029
43.055,-0.034
43.060,-0.050
43.065,-0.059
43.070,-0.063
43.075,-0.077
43.080,-0.094
43.085,-0.096
43.090,-0.100
43.095,-0.117
43.100,-0.121
43.105,-0.117
43.110,-0.121
43.115,-0.117
43.120,-0.100
43.125,-0.078
43.130,-0.046
43.135,-0.016
43.140,0.006
43.145,0.033
43.150,0.055
43.155,0.061
43.160,0.058
43.165,0.057
43.170,0.059
43.175,0.055
43.180,0.054
43.185,0.055
43.190,0.042
43.195,0.043
43.200,0.076
43.205,0.072
43.210,-0.033
43.215,-0.226
43.220,-0.509
43.225,-0.928
43.230,-1.346
43.235,-1.346
43.240,-0.821
43.245,-0.194
43.250,0.190
43.255,0.298
43.260,0.309
43.265,0.323
43.270,0.297
43.275,0.272
43.280,0.277
43.285,0.276
43.290,0.263
43.295,0.257
43.300,0.257
43.305,0.238
43.310,0.220
43.315,0.226
43.320,0.218
43.325,0.187
43.330,0.175
43.335,0.183
43.340,0.175
43.345,0.154
43.350,0.146
43.355,0.139
43.360,0.122
43.365,0.113
43.370,0.107
43.375,0.089
43.380,0.079
43.385,0.082
43.390,0.070
43.395,0.054
43.400,0.056
43.405,0.049
43.410,0.024
43.415,0.019
43.420,0.019
43.425,-0.003
43.430,-0.017
43.435,-0.015
43.440,-0.020
43.445,-0.032
43.450,-0.036
43.455,-0.042
43.460,-0.057
43.465,-0.055
43.470,-0.052
43.475,-0.072
43.480,-0.078
43.485,-0.066
43.490,-0.065
43.495,-0.067
43.500,-0.060
43.505,-0.045
43.510,-0.032
43.515,-0.014
43.520,0.008
43.525,0.023
43.530,0.047
43.535,0.072
43.540,0.081
43.545,0.092
43.550,0.107
43.555,0.110
43.560,0.114
43.565,0.122
43.570,0.108
43.575,0.082
43.580,0.082
43.585,0.091
43.590,0.084
43.595,0.072
43.600,0.074
43.605,0.073
43.610,0.055
43.615,0.044
43.620,0.042
43.625,0.039
43.630,0.041
43.635,0.040
43.640,0.021
43.645,0.010
43.650,0.016
43.655,0.009
43.660,-0.010
43.665,-0.012
43.670,-0.013
43.675,-0.021
43.680,-0.017
43.685,-0.008
43.690,-0.012
43.695,-0.018
43.700,-0.013
43.705,-0.015
43.710,-0.024
43.715,-0.021
43.720,-0.011
43.725,-0.014
43.730,-0.013
43.735,-0.002
43.740,-0.009
43.745,-0.020
43.750,-0.013
43.755,-0.014
43.760,-0.021
43.765,-0.014
43.770,-0.008
43.775,-0.011
43.780,-0.010
43.785,-0.012
43.790,-0.027
43.795,-0.041
43.800,-0.051
43.805,-0.069
43.810,-0.091
43.815,-0.095
43.820,-0.082
43.825,-0.084
43.830,-0.104
43.835,-0.111
43.840,-0.111
43.845,-0.112
43.850,-0.106
43.855,-0.092
43.860,-0.065
43.865,-0.032
43.870,-0.006
43.875,0.018
43.880,0.037
43.885,0.048
43.890,0.051
43.895,0.050
43.900,0.054
43.905,0.052
43.910,0.044
43.915,0.045
43.920,0.043
43.925,0.033
43.930,0.042
43.935,0.067
43.940,0.047
43.945,-0.066
43.950,-0.273
43.955,-0.595
43.960,-1.039
43.965,-1.436
43.970,-1.381
43.975,-0.786
43.980,-0.123
43.985,0.241
43.990,0.318
43.995,0.317
44.000,0.323
44.005,0.289
44.010,0.259
44.015,0.262
44.020,0.264
44.025,0.250
44.030,0.244
44.035,0.245
44.040,0.227
44.045,0.211
44.050,0.209
44.055,0.195
44.060,0.177
44.065,0.175
44.070,0.166
44.075,0.145
44.080,0.134
44.085,0.132
44.090,0.120
44.095,0.104
44.100,0.094
44.105,0.084
44.110,0.072
44.115,0.067
44.120,0.063
44.125,0.048
44.130,0.037
44.135,0.034
44.140,0.018
44.145,0.003
44.150,0.004
44.155,-0.002
44.160,-0.016
44.165,-0.018
44.170,-0.024
44.175,-0.041
44.180,-0.049
44.185,-0.051
44.190,-0.065
44.195,-0.080
44.200,-0.077
44.205,-0.075
44.210,-0.085
44.215,-0.088
44.220,-0.087
44.225,-0.088
44.230,-0.075
44.235,-0.052
44.240,-0.034
44.245,-0.017
44.250,0.007
44.255,0.027
44.260,0.040
44.265,0.061
44.270,0.087
44.275,0.102
44.280,0.110
44.285,0.115
44.290,0.111
44.295,0.104
44.300,0.106
44.305,0.102
44.310,0.091
44.315,0.088
44.320,0.085
44.325,0.080
44.330,0.081
44.335,0.078
44.340,0.065
44.345,0.054
44.350,0.049
44.355,0.043
44.360,0.039
44.365,0.037
44.370,0.030
44.375,0.015
44.380,0.010
44.385,0.012
44.390,0.000
44.395,-0.007
44.400,-0.002
44.405,-0.009
44.410,-0.019
44.415,-0.015
44.420,-0.013
44.425,-0.021
44.430,-0.017
44.435,-0.011
44.440,-0.017
44.445,-0.018
44.450,-0.012
44.455,-0.014
44.460,-0.020
44.465,-0.013
44.470,-0.008
44.475,-0.017
44.480,-0.015
44.485,-0.004
44.490,-0.007
44.495,-0.011
44.500,-0.005
44.505,-0.010
44.510,-0.018
44.515,-0.012
44.520,-0.008
44.525,-0.016
44.530,-0.015
44.535,-0.009
44.540,-0.014
44.545,-0.016
44.550,-0.009
44.555,-0.011
44.560,-0.020
44.565,-0.016
44.570,-0.014
44.575,-0.022
44.580,-0.018
44.585,-0.013
44.590,-0.021
44.595,-0.025
44.600,-0.018
44.605,-0.019
44.610,-0.023
44.615,-0.016
44.620,-0.015
44.625,-0.024
44.630,-0.022
44.635,-0.016
44.640,-0.026
44.645,-0.043
44.650,-0.056
44.655,-0.072
44.660,-0.086
44.665,-0.085
44.670,-0.080
44.675,-0.095
44.680,-0.117
44.685,-0.116
44.690,-0.108
44.695,-0.109
44.700,-0.104
44.705,-0.090
44.710,-0.063
44.715,-0.023
44.720,0.005
44.725,0.022
44.730,0.044
44.735,0.064
44.740,0.066
44.745,0.063
44.750,0.064
44.755,0.060
44.760,0.054
44.765,0.056
44.770,0.058
44.775,0.061
44.780,0.076
44.785,0.060
44.790,-0.048
44.795,-0.249
44.800,-0.542
44.805,-0.955
44.810,-1.370
44.815,-1.397
44.820,-0.896
44.825,-0.253
44.830,0.180
44.835,0.316
44.840,0.318
44.845,0.346
44.850,0.336
44.855,0.301
44.860,0.294
44.865,0.300
44.870,0.300
44.875,0.286
44.880,0.276
44.885,0.271
44.890,0.253
44.895,0.238
44.900,0.233
44.905,0.220
44.910,0.205
44.915,0.202
44.920,0.194
44.925,0.175
44.930,0.164
44.935,0.157
44.940,0.140
44.945,0.127
44.950,0.121
44.955,0.108
44.960,0.091
44.965,0.084
44.970,0.076
44.975,0.062
44.980,0.053
44.985,0.047
44.990,0.034
44.995,0.021
45.000,0.016
45.005,0.004
45.010,-0.012
45.015,-0.018
45.020,-0.028
45.025,-0.045
45.030,-0.053
45.035,-0.054
45.040,-0.067
45.045,-0.076
45.050,-0.075
45.055,-0.082
45.060,-0.092
45.065,-0.089
45.070,-0.088
45.075,-0.092
45.080,-0.082
45.085,-0.066
45.090,-0.053
45.095,-0.029
45.100,0.002
45.105,0.021
45.110,0.037
45.115,0.064
45.120,0.085
45.125,0.090
45.130,0.100
45.135,0.112
45.140,0.108
45.145,0.107
45.150,0.114
45.155,0.108
45.160,0.096
45.165,0.098
45.170,0.095
45.175,0.078
45.180,0.073
45.185,0.074
45.190,0.062
45.195,0.055
45.200,0.056
45.205,0.047
45.210,0.034
45.215,0.032
45.220,0.030
45.225,0.017
45.230,0.011
45.235,0.012
45.240,0.001
45.245,-0.007
45.250,-0.002
45.255,-0.006
45.260,-0.016
45.265,-0.014
45.270,-0.011
45.275,-0.018
45.280,-0.020
45.285,-0.016
45.290,-0.020
45.295,-0.022
45.300,-0.016
45.305,-0.015
45.310,-0.019
45.315,-0.014
45.320,-0.013
45.325,-0.019
45.330,-0.016
45.335,-0.012
45.340,-0.018
45.345,-0.020
45.350,-0.016
45.355,-0.015
45.360,-0.016
45.365,-0.010
45.370,-0.009
45.375,-0.016
45.380,-0.014
45.385,-0.012
45.390,-0.023
45.395,-0.036
45.400,-0.046
45.405,-0.065
45.410,-0.091
45.415,-0.103
45.420,-0.103
45.425,-0.099
45.430,-0.104
45.435,-0.115
45.440,-0.113
45.445,-0.106
45.450,-0.098
45.455,-0.091
45.460,-0.077
45.465,-0.043
45.470,-0.013
45.475,0.004
45.480,0.028
45.485,0.053
45.490,0.056
45.495,0.057
45.500,0.065
45.505,0.059
45.510,0.052
45.515,0.058
45.520,0.055
45.525,0.043
45.530,0.046
45.535,0.062
45.540,0.061
45.545,0.013
45.550,-0.113
45.555,-0.351
45.560,-0.695
45.565,-1.118
45.570,-1.407
45.575,-1.211
45.580,-0.623
45.585,-0.057
45.590,0.234
45.595,0.272
45.600,0.301
45.605,0.330
45.610,0.293
45.615,0.278
45.620,0.283
45.625,0.277
45.630,0.273
45.635,0.269
45.640,0.253
45.645,0.240
45.650,0.236
45.655,0.222
45.660,0.202
45.665,0.194
45.670,0.185
45.675,0.170
45.680,0.161
45.685,0.155
45.690,0.140
45.695,0.124
45.700,0.114
45.705,0.104
45.710,0.092
45.715,0.086
45.720,0.077
45.725,0.061
45.730,0.054
45.735,0.047
45.740,0.029
45.745,0.020
45.750,0.020
45.755,0.007
45.760,-0.011
45.765,-0.018
45.770,-0.026
45.775,-0.039
45.780,-0.047
45.785,-0.047
45.790,-0.055
45.795,-0.068
45.800,-0.071
45.805,-0.077
45.810,-0.092
45.815,-0.096
45.820,-0.094
45.825,-0.100
45.830,-0.096
45.835,-0.083
45.840,-0.073
45.845,-0.052
45.850,-0.019
45.855,0.003
45.860,0.020
45.865,0.051
45.870,0.074
45.875,0.084
45.880,0.102
45.885,0.114
45.890,0.114
45.895,0.119
45.900,0.122
45.905,0.112
45.910,0.106
45.915,0.109
45.920,0.104
45.925,0.090
45.930,0.085
45.935,0.084
45.940,0.072
45.945,0.062
45.950,0.063
45.955,0.059
45.960,0.044
45.965,0.038
45.970,0.033
45.975,0.024
45.980,0.025
45.985,0.030
45.990,0.023
45.995,0.014
46.000,0.009
46.005,0.001
46.010,-0.003
46.015,0.000
46.020,-0.005
46.025,-0.015
46.030,-0.012
46.035,-0.004
46.040,-0.015
46.045,-0.024
46.050,-0.013
46.055,-0.011
46.060,-0.023
46.065,-0.020
46.070,-0.008
46.075,-0.007
46.080,-0.004
46.085,-0.005
46.090,-0.021
46.095,-0.025
46.100,-0.016
46.105,-0.022
46.110,-0.032
46.115,-0.025
46.120,-0.014
46.125,-0.019
46.130,-0.020
46.135,-0.011
46.140,-0.015
46.145,-0.018
46.150,-0.012
46.155,-0.022
46.160,-0.032
46.165,-0.022
46.170,-0.023
46.175,-0.034
46.180,-0.025
46.185,-0.017
46.190,-0.029
46.195,-0.028
46.200,-0.016
46.205,-0.021
46.210,-0.029
46.215,-0.023
46.220,-0.021
46.225,-0.029
46.230,-0.027
46.235,-0.024
46.240,-0.031
46.245,-0.031
46.250,-0.022
46.255,-0.029
46.260,-0.037
46.265,-0.026
46.270,-0.027
46.275,-0.050
46.280,-0.070
46.285,-0.083
46.290,-0.098
46.295,-0.097
46.300,-0.089
46.305,-0.114
46.310,-0.141
46.315,-0.124
46.320,-0.107
46.325,-0.113
46.330,-0.106
46.335,-0.079
46.340,-0.053
46.345,-0.028
46.350,0.007
46.355,0.033
46.360,0.043
46.365,0.056
46.370,0.065
46.375,0.059
46.380,0.053
46.385,0.050
46.390,0.046
46.395,0.050
46.400,0.058
46.405,0.066
46.410,0.071
46.415,0.042
46.420,-0.071
46.425,-0.298
46.430,-0.623
46.435,-1.057
46.440,-1.410
46.445,-1.235
46.450,-0.597
46.455,-0.017
46.460,0.258
46.465,0.311
46.470,0.330
46.475,0.327
46.480,0.296
46.485,0.288
46.490,0.279
46.495,0.274
46.500,0.276
46.505,0.263
46.510,0.253
46.515,0.253
46.520,0.242
46.525,0.223
46.530,0.215
46.535,0.208
46.540,0.191
46.545,0.181
46.550,0.177
46.555,0.162
46.560,0.145
46.565,0.138
46.570,0.130
46.575,0.117
46.580,0.110
46.585,0.103
46.590,0.086
46.595,0.074
46.600,0.073
46.605,0.061
46.610,0.046
46.615,0.045
46.620,0.033
46.625,0.012
46.630,0.013
46.635,0.012
46.640,-0.009
46.645,-0.017
46.650,-0.016
46.655,-0.028
46.660,-0.034
46.665,-0.032
46.670,-0.041
46.675,-0.054
46.680,-0.056
46.685,-0.054
46.690,-0.063
46.695,-0.065
46.700,-0.056
46.705,-0.060
46.710,-0.063
46.715,-0.046
46.720,-0.031
46.725,-0.022
46.730,0.002
46.735,0.022
46.740,0.029
46.745,0.049
46.750,0.079
46.755,0.085
46.760,0.085
46.765,0.103
46.770,0.103
46.775,0.087
46.780,0.087
46.785,0.096
46.790,0.092
46.795,0.085
46.800,0.078
46.805,0.064
46.810,0.059
46.815,0.063
46.820,0.055
46.825,0.040
46.830,0.035
46.835,0.033
46.840,0.020
46.845,0.012
46.850,0.013
46.855,0.010
46.860,0.003
46.865,0.003
46.870,-0.001
46.875,-0.016
46.880,-0.019
46.885,-0.013
46.890,-0.018
46.895,-0.017
46.900,-0.011
46.905,-0.018
46.910,-0.021
46.915,-0.013
46.920,-0.013
46.925,-0.019
46.930,-0.014
46.935,-0.007
46.940,-0.010
46.945,-0.012
46.950,-0.006
46.955,-0.009
46.960,-0.017
46.965,-0.016
46.970,-0.014
46.975,-0.021
46.980,-0.031
46.985,-0.045
46.990,-0.065
46.995,-0.079
47.000,-0.081
47.005,-0.080
47.010,-0.092
47.015,-0.107
47.020,-0.107
47.025,-0.104
47.030,-0.101
47.035,-0.092
47.040,-0.076
47.045,-0.048
47.050,-0.015
47.055,0.010
47.060,0.029
47.065,0.042
47.070,0.048
47.075,0.050
47.080,0.057
47.085,0.064
47.090,0.052
47.095,0.041
47.100,0.040
47.105,0.030
47.110,0.031
47.115,0.059
47.120,0.062
47.125,-0.015
47.130,-0.175
47.135,-0.436
47.140,-0.825
47.145,-1.277
47.150,-1.450
47.155,-1.051
47.160,-0.383
47.165,0.098
47.170,0.270
47.175,0.286
47.180,0.310
47.185,0.301
47.190,0.264
47.195,0.261
47.200,0.272
47.205,0.263
47.210,0.245
47.215,0.245
47.220,0.241
47.225,0.218
47.230,0.211
47.235,0.211
47.240,0.189
47.245,0.171
47.250,0.173
47.255,0.156
47.260,0.138
47.265,0.140
47.270,0.128
47.275,0.115
47.280,0.110
47.285,0.098
47.290,0.081
47.295,0.068
47.300,0.059
47.305,0.045
47.310,0.032
47.315,0.033
47.320,0.026
47.325,0.008
47.330,0.006
47.335,0.007
47.340,-0.007
47.345,-0.016
47.350,-0.026
47.355,-0.040
47.360,-0.053
47.365,-0.058
47.370,-0.059
47.375,-0.068
47.380,-0.065
47.385,-0.060
47.390,-0.075
47.395,-0.080
47.400,-0.073
47.405,-0.078
47.410,-0.077
47.415,-0.053
47.420,-0.028
47.425,-0.012
47.430,0.009
47.435,0.035
47.440,0.053
47.445,0.063
47.450,0.079
47.455,0.098
47.460,0.114
47.465,0.124
47.470,0.122
47.475,0.113
47.480,0.110
47.485,0.110
47.490,0.102
47.495,0.096
47.500,0.101
47.505,0.090
47.510,0.073
47.515,0.072
47.520,0.070
47.525,0.062
47.530,0.063
47.535,0.058
47.540,0.043
47.545,0.036
47.550,0.036
47.555,0.024
47.560,0.012
47.565,0.013
47.570,0.012
47.575,-0.002
47.580,-0.009
47.585,-0.009
47.590,-0.017
47.595,-0.023
47.600,-0.019
47.605,-0.024
47.610,-0.032
47.615,-0.024
47.620,-0.018
47.625,-0.024
47.630,-0.021
47.635,-0.012
47.640,-0.017
47.645,-0.021
47.650,-0.014
47.655,-0.018
47.660,-0.025
47.665,-0.023
47.670,-0.024
47.675,-0.025
47.680,-0.017
47.685,-0.017
47.690,-0.028
47.695,-0.027
47.700,-0.021
47.705,-0.033
47.710,-0.048
47.715,-0.057
47.720,-0.070
47.725,-0.089
47.730,-0.096
47.735,-0.084
47.740,-0.089
47.745,-0.112
47.750,-0.116
47.755,-0.112
47.760,-0.118
47.765,-0.115
47.770,-0.094
47.775,-0.064
47.780,-0.038
47.785,-0.015
47.790,0.007
47.795,0.029
47.800,0.049
47.805,0.052
47.810,0.048
47.815,0.051
47.820,0.050
47.825,0.044
47.830,0.047
47.835,0.047
47.840,0.039
47.845,0.053
47.850,0.069
47.855,0.003
47.860,-0.160
47.865,-0.407
47.870,-0.770
47.875,-1.223
47.880,-1.457
47.885,-1.140
47.890,-0.493
47.895,0.042
47.900,0.273
47.905,0.291
47.910,0.311
47.915,0.323
47.920,0.290
47.925,0.278
47.930,0.280
47.935,0.275
47.940,0.267
47.945,0.266
47.950,0.264
47.955,0.244
47.960,0.227
47.965,0.224
47.970,0.212
47.975,0.192
47.980,0.183
47.985,0.178
47.990,0.162
47.995,0.150
48.000,0.142
48.005,0.123
48.010,0.108
48.015,0.107
48.020,0.097
48.025,0.081
48.030,0.068
48.035,0.057
48.040,0.046
48.045,0.037
48.050,0.033
48.055,0.024
48.060,0.008
48.065,0.002
48.070,-0.002
48.075,-0.015
48.080,-0.020
48.085,-0.028
48.090,-0.047
48.095,-0.056
48.100,-0.057
48.105,-0.066
48.110,-0.078
48.115,-0.081
48.120,-0.085
48.125,-0.092
48.130,-0.089
48.135,-0.085
48.140,-0.090
48.145,-0.082
48.150,-0.056
48.155,-0.039
48.160,-0.025
48.165,0.004
48.170,0.030
48.175,0.045
48.180,0.066
48.185,0.085
48.190,0.095
48.195,0.105
48.200,0.110
48.205,0.106
48.210,0.100
48.215,0.099
48.220,0.096
48.225,0.088
48.230,0.084
48.235,0.079
48.240,0.068
48.245,0.063
48.250,0.063
48.255,0.052
48.260,0.040
48.265,0.042
48.270,0.038
48.275,0.026
48.280,0.024
48.285,0.020
48.290,0.009
48.295,0.007
48.300,0.008
48.305,-0.004
48.310,-0.015
48.315,-0.012
48.320,-0.013
48.325,-0.018
48.330,-0.016
48.335,-0.014
48.340,-0.022
48.345,-0.023
48.350,-0.015
48.355,-0.019
48.360,-0.025
48.365,-0.018
48.370,-0.014
48.375,-0.016
48.380,-0.011
48.385,-0.007
48.390,-0.012
48.395,-0.011
48.400,-0.007
48.405,-0.008
48.410,-0.009
48.415,-0.006
48.420,-0.008
48.425,-0.016
48.430,-0.018
48.435,-0.028
48.440,-0.053
48.445,-0.070
48.450,-0.079
48.455,-0.089
48.460,-0.088
48.465,-0.085
48.470,-0.100
48.475,-0.111
48.480,-0.103
48.485,-0.096
48.490,-0.095
48.495,-0.075
48.500,-0.045
48.505,-0.029
48.510,-0.007
48.515,0.030
48.520,0.050
48.525,0.055
48.530,0.065
48.535,0.069
48.540,0.058
48.545,0.051
48.550,0.054
48.555,0.049
48.560,0.042
48.565,0.049
48.570,0.058
48.575,0.049
48.580,-0.002
48.585,-0.143
48.590,-0.397
48.595,-0.748
48.600,-1.172
48.605,-1.421
48.610,-1.148
48.615,-0.526
48.620,0.009
48.625,0.249
48.630,0.274
48.635,0.308
48.640,0.323
48.645,0.288
48.650,0.283
48.655,0.286
48.660,0.278
48.665,0.275
48.670,0.266
48.675,0.251
48.680,0.250
48.685,0.246
48.690,0.223
48.695,0.206
48.700,0.202
48.705,0.190
48.710,0.176
48.715,0.170
48.720,0.155
48.725,0.135
48.730,0.128
48.735,0.126
48.740,0.115
48.745,0.102
48.750,0.094
48.755,0.081
48.760,0.070
48.765,0.065
48.770,0.054
48.775,0.039
48.780,0.030
48.785,0.022
48.790,0.006
48.795,-0.003
48.800,-0.005
48.805,-0.017
48.810,-0.031
48.815,-0.034
48.820,-0.046
48.825,-0.065
48.830,-0.067
48.835,-0.068
48.840,-0.080
48.845,-0.087
48.850,-0.088
48.855,-0.096
48.860,-0.101
48.865,-0.092
48.870,-0.081
48.875,-0.069
48.880,-0.040
48.885,-0.011
48.890,0.005
48.895,0.030
48.900,0.060
48.905,0.073
48.910,0.086
48.915,0.113
48.920,0.122
48.925,0.117
48.930,0.118
48.935,0.119
48.940,0.112
48.945,0.109
48.950,0.108
48.955,0.098
48.960,0.088
48.965,0.090
48.970,0.087
48.975,0.071
48.980,0.065
48.985,0.063
48.990,0.049
48.995,0.040
49.000,0.040
49.005,0.033
49.010,0.027
49.015,0.030
49.020,0.022
49.025,0.011
49.030,0.009
49.035,0.005
49.040,-0.007
49.045,-0.006
49.050,0.004
49.055,-0.005
49.060,-0.014
49.065,-0.008
49.070,-0.009
49.075,-0.017
49.080,-0.017
49.085,-0.013
49.090,-0.016
49.095,-0.018
49.100,-0.013
49.105,-0.017
49.110,-0.023
49.115,-0.020
49.120,-0.019
49.125,-0.021
49.130,-0.017
49.135,-0.017
49.140,-0.025
49.145,-0.026
49.150,-0.019
49.155,-0.022
49.160,-0.026
49.165,-0.021
49.170,-0.024
49.175,-0.032
49.180,-0.028
49.185,-0.029
49.190,-0.048
49.195,-0.067
49.200,-0.082
49.205,-0.103
49.210,-0.116
49.215,-0.104
49.220,-0.101
49.225,-0.122
49.230,-0.125
49.235,-0.111
49.240,-0.112
49.245,-0.104
49.250,-0.081
49.255,-0.063
49.260,-0.043
49.265,-0.010
49.270,0.018
49.275,0.033
49.280,0.047
49.285,0.057
49.290,0.059
49.295,0.059
49.300,0.062
49.305,0.053
49.310,0.043
49.315,0.045
49.320,0.044
49.325,0.044
49.330,0.057
49.335,0.040
49.340,-0.060
49.345,-0.252
49.350,-0.541
49.355,-0.940
49.360,-1.323
49.365,-1.314
49.370,-0.824
49.375,-0.236
49.380,0.155
49.385,0.264
49.390,0.270
49.395,0.315
49.400,0.308
49.405,0.273
49.410,0.271
49.415,0.275
49.420,0.269
49.425,0.256
49.430,0.250
49.435,0.246
49.440,0.230
49.445,0.217
49.450,0.211
49.455,0.198
49.460,0.184
49.465,0.177
49.470,0.166
49.475,0.149
49.480,0.141
49.485,0.135
49.490,0.122
49.495,0.112
49.500,0.106
49.505,0.090
49.510,0.074
49.515,0.072
49.520,0.065
49.525,0.048
49.530,0.041
49.535,0.035
49.540,0.021
49.545,0.013
49.550,0.010
49.555,-0.003
49.560,-0.016
49.565,-0.023
49.570,-0.036
49.575,-0.051
49.580,-0.052
49.585,-0.055
49.590,-0.074
49.595,-0.083
49.600,-0.080
49.605,-0.087
49.610,-0.095
49.615,-0.093
49.620,-0.095
49.625,-0.097
49.630,-0.081
49.635,-0.060
49.640,-0.046
49.645,-0.021
49.650,0.012
49.655,0.033
49.660,0.052
49.665,0.074
49.670,0.088
49.675,0.095
49.680,0.107
49.685,0.113
49.690,0.109
49.695,0.113
49.700,0.117
49.705,0.103
49.710,0.093
49.715,0.093
49.720,0.087
49.725,0.078
49.730,0.075
49.735,0.069
49.740,0.056
49.745,0.049
49.750,0.052
49.755,0.044
49.760,0.035
49.765,0.036
49.770,0.028
49.775,0.015
49.780,0.017
49.785,0.017
49.790,0.003
49.795,-0.002
49.800,0.006
49.805,0.000
49.810,-0.008
49.815,-0.004
49.820,-0.009
49.825,-0.019
49.830,-0.014
49.835,-0.010
49.840,-0.015
49.845,-0.011
49.850,-0.008
49.855,-0.019
49.860,-0.016
49.865,-0.004
49.870,-0.012
49.875,-0.021
49.880,-0.015
49.885,-0.011
49.890,-0.014
49.895,-0.013
49.900,-0.010
49.905,-0.014
49.910,-0.017
49.915,-0.010
49.920,-0.012
49.925,-0.028
49.930,-0.028
49.935,-0.023
49.940,-0.027
49.945,-0.024
49.950,-0.017
49.955,-0.025
49.960,-0.032
49.965,-0.026
49.970,-0.028
49.975,-0.031
49.980,-0.019
49.985,-0.017
49.990,-0.029
49.995,-0.027
50.000,-0.018
50.005,-0.021
50.010,-0.030
50.015,-0.029
50.020,-0.027
50.025,-0.029
50.030,-0.024
50.035,-0.029
50.040,-0.032
50.045,-0.022
50.050,-0.018
50.055,-0.028
50.060,-0.028
50.065,-0.023
50.070,-0.027
50.075,-0.026
50.080,-0.015
50.085,-0.014
50.090,-0.024
50.095,-0.030
50.100,-0.026
50.105,-0.024
50.110,-0.035
50.115,-0.052
50.120,-0.079
50.125,-0.100
50.130,-0.097
50.135,-0.089
50.140,-0.097
50.145,-0.112
50.150,-0.113
50.155,-0.106
50.160,-0.101
50.165,-0.093
50.170,-0.081
50.175,-0.062
50.180,-0.028
50.185,0.011
50.190,0.034
50.195,0.048
50.200,0.061
50.205,0.065
50.210,0.066
50.215,0.069
50.220,0.067
50.225,0.060
50.230,0.062
50.235,0.061
50.240,0.052
50.245,0.070
50.250,0.084
50.255,0.019
50.260,-0.129
50.265,-0.364
50.270,-0.724
50.275,-1.169
50.280,-1.374
50.285,-1.039
50.290,-0.421
50.295,0.071
50.300,0.275
50.305,0.296
50.310,0.329
50.315,0.332
50.320,0.291
50.325,0.283
50.330,0.290
50.335,0.287
50.340,0.270
50.345,0.260
50.350,0.260
50.355,0.247
50.360,0.231
50.365,0.228
50.370,0.220
50.375,0.200
50.380,0.190
50.385,0.182
50.390,0.168
50.395,0.164
50.400,0.160
50.405,0.142
50.410,0.126
50.415,0.117
50.420,0.104
50.425,0.092
50.430,0.089
50.435,0.084
50.440,0.067
50.445,0.059
50.450,0.055
50.455,0.036
50.460,0.025
50.465,0.028
50.470,0.023
50.475,0.008
50.480,0.001
50.485,-0.001
50.490,-0.015
50.495,-0.024
50.500,-0.022
50.505,-0.038
50.510,-0.058
50.515,-0.055
50.520,-0.051
50.525,-0.059
50.530,-0.060
50.535,-0.059
50.540,-0.069
50.545,-0.067
50.550,-0.059
50.555,-0.057
50.560,-0.045
50.565,-0.020
50.570,-0.006
50.575,0.004
50.580,0.028
50.585,0.050
50.590,0.058
50.595,0.069
50.600,0.093
50.605,0.104
50.610,0.098
50.615,0.099
50.620,0.093
50.625,0.085
50.630,0.090
50.635,0.085
50.640,0.071
50.645,0.067
50.650,0.069
50.655,0.060
50.660,0.050
50.665,0.050
50.670,0.039
50.675,0.023
50.680,0.022
50.685,0.019
50.690,0.013
50.695,0.011
50.700,0.007
50.705,0.001
50.710,-0.006
50.715,-0.006
50.720,-0.007
50.725,-0.009
50.730,-0.006
50.735,-0.013
50.740,-0.023
50.745,-0.015
50.750,-0.005
50.755,-0.008
50.760,-0.008
50.765,-0.004
50.770,-0.007
50.775,-0.008
50.780,0.000
50.785,0.002
50.790,-0.011
50.795,-0.020
50.800,-0.010
50.805,-0.003
50.810,-0.008
50.815,-0.002
50.820,0.001
50.825,-0.009
50.830,-0.010
50.835,-0.012
50.840,-0.024
50.845,-0.025
50.850,-0.015
50.855,-0.020
50.860,-0.041
50.865,-0.051
50.870,-0.060
50.875,-0.081
50.880,-0.088
50.885,-0.086
50.890,-0.099
50.895,-0.112
50.900,-0.108
50.905,-0.109
50.910,-0.111
50.915,-0.094
50.920,-0.071
50.925,-0.051
50.930,-0.020
50.935,0.014
50.940,0.034
50.945,0.050
50.950,0.061
50.955,0.057
50.960,0.057
50.965,0.060
50.970,0.049
50.975,0.046
50.980,0.054
50.985,0.047
50.990,0.043
50.995,0.065
51.000,0.079
51.005,0.020
51.010,-0.132
51.015,-0.368
51.020,-0.724
51.025,-1.187
51.030,-1.451
51.035,-1.153
51.040,-0.493
51.045,0.047
51.050,0.279
51.055,0.314
51.060,0.319
51.065,0.304
51.070,0.268
51.075,0.255
51.080,0.261
51.085,0.260
51.090,0.246
51.095,0.240
51.100,0.237
51.105,0.223
51.110,0.210
51.115,0.205
51.120,0.191
51.125,0.172
51.130,0.162
51.135,0.155
51.140,0.144
51.145,0.136
51.150,0.128
51.155,0.111
51.160,0.098
51.165,0.098
51.170,0.089
51.175,0.073
51.180,0.069
51.185,0.064
51.190,0.047
51.195,0.036
51.200,0.032
51.205,0.019
51.210,0.006
51.215,0.002
51.220,-0.010
51.225,-0.026
51.230,-0.030
51.235,-0.036
51.240,-0.049
51.245,-0.057
51.250,-0.059
51.255,-0.067
51.260,-0.071
51.265,-0.068
51.270,-0.073
51.275,-0.077
51.280,-0.073
51.285,-0.076
51.290,-0.082
51.295,-0.069
51.300,-0.047
51.305,-0.036
51.310,-0.020
51.315,0.007
51.320,0.027
51.325,0.042
51.330,0.062
51.335,0.076
51.340,0.083
51.345,0.096
51.350,0.104
51.355,0.098
51.360,0.095
51.365,0.099
51.370,0.097
51.375,0.089
51.380,0.087
51.385,0.080
51.390,0.067
51.395,0.064
51.400,0.061
51.405,0.047
51.410,0.039
51.415,0.040
51.420,0.032
51.425,0.020
51.430,0.016
51.435,0.011
51.440,0.004
51.445,0.003
51.450,0.003
51.455,-0.008
51.460,-0.016
51.465,-0.011
51.470,-0.014
51.475,-0.023
51.480,-0.022
51.485,-0.024
51.490,-0.032
51.495,-0.029
51.500,-0.023
51.505,-0.029
51.510,-0.028
51.515,-0.018
51.520,-0.020
51.525,-0.025
51.530,-0.018
51.535,-0.015
51.540,-0.021
51.545,-0.017
51.550,-0.008
51.555,-0.009
51.560,-0.012
51.565,-0.012
51.570,-0.019
51.575,-0.025
51.580,-0.020
51.585,-0.020
51.590,-0.024
51.595,-0.017
51.600,-0.012
51.605,-0.019
51.610,-0.023
51.615,-0.020
51.620,-0.023
51.625,-0.026
51.630,-0.022
51.635,-0.025
51.640,-0.039
51.645,-0.053
51.650,-0.068
51.655,-0.089
51.660,-0.097
51.665,-0.088
51.670,-0.093
51.675,-0.113
51.680,-0.115
51.685,-0.106
51.690,-0.110
51.695,-0.111
51.700,-0.092
51.705,-0.064
51.710,-0.037
51.715,-0.010
51.720,0.014
51.725,0.031
51.730,0.049
51.735,0.059
51.740,0.057
51.745,0.057
51.750,0.059
51.755,0.051
51.760,0.047
51.765,0.052
51.770,0.052
51.775,0.057
51.780,0.075
51.785,0.049
51.790,-0.067
51.795,-0.272
51.800,-0.578
51.805,-1.009
51.810,-1.405
51.815,-1.361
51.820,-0.810
51.825,-0.181
51.830,0.203
51.835,0.304
51.840,0.313
51.845,0.335
51.850,0.312
51.855,0.283
51.860,0.283
51.865,0.289
51.870,0.283
51.875,0.268
51.880,0.263
51.885,0.257
51.890,0.238
51.895,0.225
51.900,0.218
51.905,0.203
51.910,0.192
51.915,0.186
51.920,0.173
51.925,0.160
51.930,0.157
51.935,0.147
51.940,0.129
51.945,0.121
51.950,0.114
51.955,0.096
51.960,0.086
51.965,0.086
51.970,0.075
51.975,0.058
51.980,0.054
51.985,0.049
51.990,0.034
51.995,0.026
52.000,0.020
52.005,0.001
52.010,-0.010
52.015,-0.009
52.020,-0.019
52.025,-0.036
52.030,-0.045
52.035,-0.055
52.040,-0.065
52.045,-0.065
52.050,-0.067
52.055,-0.079
52.060,-0.082
52.065,-0.075
52.070,-0.077
52.075,-0.079
52.080,-0.065
52.085,-0.047
52.090,-0.032
52.095,-0.009
52.100,0.018
52.105,0.035
52.110,0.052
52.115,0.080
52.120,0.097
52.125,0.102
52.130,0.111
52.135,0.116
52.140,0.114
52.145,0.115
52.150,0.113
52.155,0.103
52.160,0.096
52.165,0.096
52.170,0.091
52.175,0.081
52.180,0.079
52.185,0.077
52.190,0.064
52.195,0.058
52.200,0.056
52.205,0.044
52.210,0.035
52.215,0.034
52.220,0.024
52.225,0.014
52.230,0.013
52.235,0.005
52.240,-0.006
52.245,-0.003
52.250,0.001
52.255,-0.007
52.260,-0.012
52.265,-0.011
52.270,-0.016
52.275,-0.022
52.280,-0.015
52.285,-0.013
52.290,-0.019
52.295,-0.015
52.300,-0.012
52.305,-0.018
52.310,-0.016
52.315,-0.008
52.320,-0.009
52.325,-0.015
52.330,-0.009
52.335,-0.008
52.340,-0.017
52.345,-0.017
52.350,-0.010
52.355,-0.015
52.360,-0.018
52.365,-0.014
52.370,-0.018
52.375,-0.023
52.380,-0.018
52.385,-0.017
52.390,-0.022
52.395,-0.018
52.400,-0.015
52.405,-0.025
52.410,-0.028
52.415,-0.021
52.420,-0.022
52.425,-0.026
52.430,-0.021
52.435,-0.020
52.440,-0.029
52.445,-0.030
52.450,-0.025
52.455,-0.025
52.460,-0.025
52.465,-0.022
52.470,-0.026
52.475,-0.032
52.480,-0.027
52.485,-0.023
52.490,-0.028
52.495,-0.026
52.500,-0.020
52.505,-0.024
52.510,-0.030
52.515,-0.033
52.520,-0.048
52.525,-0.070
52.530,-0.081
52.535,-0.091
52.540,-0.100
52.545,-0.099
52.550,-0.112
52.555,-0.129
52.560,-0.118
52.565,-0.104
52.570,-0.112
52.575,-0.108
52.580,-0.074
52.585,-0.039
52.590,-0.019
52.595,0.008
52.600,0.038
52.605,0.048
52.610,0.054
52.615,0.068
52.620,0.068
52.625,0.060
52.630,0.063
52.635,0.064
52.640,0.056
52.645,0.058
52.650,0.072
52.655,0.071
52.660,0.031
52.665,-0.079
52.670,-0.296
52.675,-0.622
52.680,-1.039
52.685,-1.381
52.690,-1.273
52.695,-0.711
52.700,-0.116
52.705,0.219
52.710,0.286
52.715,0.309
52.720,0.340
52.725,0.310
52.730,0.294
52.735,0.294
52.740,0.284
52.745,0.283
52.750,0.280
52.755,0.262
52.760,0.250
52.765,0.245
52.770,0.232
52.775,0.215
52.780,0.208
52.785,0.197
52.790,0.178
52.795,0.171
52.800,0.169
52.805,0.152
52.810,0.139
52.815,0.135
52.820,0.122
52.825,0.107
52.830,0.104
52.835,0.092
52.840,0.074
52.845,0.068
52.850,0.064
52.855,0.050
52.860,0.039
52.865,0.038
52.870,0.028
52.875,0.011
52.880,0.004
52.885,-0.005
52.890,-0.020
52.895,-0.024
52.900,-0.029
52.905,-0.044
52.910,-0.053
52.915,-0.056
52.920,-0.066
52.925,-0.072
52.930,-0.072
52.935,-0.079
52.940,-0.090
52.945,-0.086
52.950,-0.078
52.955,-0.077
52.960,-0.064
52.965,-0.038
52.970,-0.023
52.975,-0.007
52.980,0.022
52.985,0.044
52.990,0.060
52.995,0.083
53.000,0.099
53.005,0.104
53.010,0.110
53.015,0.118
53.020,0.114
53.025,0.109
53.030,0.114
53.035,0.108
53.040,0.091
53.045,0.088
53.050,0.086
53.055,0.074
53.060,0.069
53.065,0.070
53.070,0.062
53.075,0.053
53.080,0.053
53.085,0.046
53.090,0.033
53.095,0.033
53.100,0.032
53.105,0.018
53.110,0.010
53.115,0.014
53.120,0.008
53.125,-0.002
53.130,0.000
53.135,0.000
53.140,-0.007
53.145,-0.005
53.150,-0.004
53.155,-0.014
53.160,-0.016
53.165,-0.006
53.170,-0.009
53.175,-0.014
53.180,-0.008
53.185,-0.009
53.190,-0.018
53.195,-0.016
53.200,-0.010
53.205,-0.011
53.210,-0.012
53.215,-0.010
53.220,-0.016
53.225,-0.023
53.230,-0.017
53.235,-0.014
53.240,-0.018
53.245,-0.018
53.250,-0.017
53.255,-0.021
53.260,-0.021
53.265,-0.016
53.270,-0.018
53.275,-0.025
53.280,-0.021
53.285,-0.023
53.290,-0.029
53.295,-0.021
53.300,-0.018
53.305,-0.027
53.310,-0.026
53.315,-0.020
53.320,-0.024
53.325,-0.028
53.330,-0.023
53.335,-0.024
53.340,-0.033
53.345,-0.031
53.350,-0.027
53.355,-0.036
53.360,-0.036
53.365,-0.028
53.370,-0.034
53.375,-0.046
53.380,-0.052
53.385,-0.064
53.390,-0.088
53.395,-0.104
53.400,-0.106
53.405,-0.107
53.410,-0.114
53.415,-0.129
53.420,-0.131
53.425,-0.119
53.430,-0.112
53.435,-0.108
53.440,-0.093
53.445,-0.060
53.450,-0.027
53.455,-0.007
53.460,0.019
53.465,0.043
53.470,0.044
53.475,0.049
53.480,0.066
53.485,0.067
53.490,0.057
53.495,0.056
53.500,0.055
53.505,0.043
53.510,0.045
53.515,0.070
53.520,0.074
53.525,0.017
53.530,-0.115
53.535,-0.338
53.540,-0.669
53.545,-1.089
53.550,-1.361
53.555,-1.138
53.560,-0.558
53.565,-0.031
53.570,0.222
53.575,0.257
53.580,0.308
53.585,0.343
53.590,0.295
53.595,0.281
53.600,0.288
53.605,0.282
53.610,0.278
53.615,0.275
53.620,0.260
53.625,0.245
53.630,0.241
53.635,0.233
53.640,0.215
53.645,0.205
53.650,0.196
53.655,0.177
53.660,0.167
53.665,0.161
53.670,0.148
53.675,0.138
53.680,0.133
53.685,0.121
53.690,0.102
53.695,0.093
53.700,0.089
53.705,0.073
53.710,0.063
53.715,0.063
53.720,0.048
53.725,0.031
53.730,0.029
53.735,0.017
53.740,0.000
53.745,-0.001
53.750,-0.006
53.755,-0.022
53.760,-0.032
53.765,-0.041
53.770,-0.053
53.775,-0.060
53.780,-0.058
53.785,-0.065
53.790,-0.084
53.795,-0.086
53.800,-0.081
53.805,-0.091
53.810,-0.094
53.815,-0.080
53.820,-0.072
53.825,-0.063
53.830,-0.036
53.835,-0.015
53.840,-0.001
53.845,0.024
53.850,0.044
53.855,0.053
53.860,0.074
53.865,0.098
53.870,0.106
53.875,0.106
53.880,0.112
53.885,0.113
53.890,0.106
53.895,0.107
53.900,0.104
53.905,0.084
53.910,0.078
53.915,0.082
53.920,0.073
53.925,0.065
53.930,0.065
53.935,0.055
53.940,0.040
53.945,0.036
53.950,0.032
53.955,0.023
53.960,0.017
53.965,0.020
53.970,0.020
53.975,0.009
53.980,0.004
53.985,0.000
53.990,-0.007
53.995,-0.008
54.000,-0.005
54.005,-0.007
54.010,-0.013
54.015,-0.015
54.020,-0.018
54.025,-0.018
54.030,-0.010
54.035,-0.013
54.040,-0.020
54.045,-0.012
54.050,-0.014
54.055,-0.023
54.060,-0.019
54.065,-0.011
54.070,-0.012
54.075,-0.012
54.080,-0.005
54.085,-0.013
54.090,-0.026
54.095,-0.019
54.100,-0.013
54.105,-0.022
54.110,-0.023
54.115,-0.016
54.120,-0.023
54.125,-0.026
54.130,-0.018
54.135,-0.021
54.140,-0.028
54.145,-0.028
54.150,-0.040
54.155,-0.067
54.160,-0.085
54.165,-0.093
54.170,-0.101
54.175,-0.099
54.180,-0.100
54.185,-0.112
54.190,-0.115
54.195,-0.109
54.200,-0.107
54.205,-0.106
54.210,-0.080
54.215,-0.045
54.220,-0.026
54.225,0.007
54.230,0.043
54.235,0.047
54.240,0.047
54.245,0.057
54.250,0.059
54.255,0.056
54.260,0.051
54.265,0.050
54.270,0.042
54.275,0.036
54.280,0.051
54.285,0.064
54.290,0.065
54.295,0.039
54.300,-0.071
54.305,-0.290
54.310,-0.607
54.315,-1.037
54.320,-1.395
54.325,-1.243
54.330,-0.621
54.335,-0.052
54.340,0.215
54.345,0.287
54.350,0.315
54.355,0.301
54.360,0.265
54.365,0.259
54.370,0.256
54.375,0.251
54.380,0.253
54.385,0.251
54.390,0.235
54.395,0.218
54.400,0.212
54.405,0.202
54.410,0.192
54.415,0.191
54.420,0.176
54.425,0.157
54.430,0.150
54.435,0.138
54.440,0.120
54.445,0.115
54.450,0.111
54.455,0.098
54.460,0.092
54.465,0.086
54.470,0.071
54.475,0.058
54.480,0.059
54.485,0.056
54.490,0.036
54.495,0.025
54.500,0.024
54.505,0.011
54.510,-0.005
54.515,-0.011
54.520,-0.018
54.525,-0.029
54.530,-0.030
54.535,-0.035
54.540,-0.051
54.545,-0.054
54.550,-0.056
54.555,-0.072
54.560,-0.074
54.565,-0.062
54.570,-0.066
54.575,-0.077
54.580,-0.073
54.585,-0.066
54.590,-0.058
54.595,-0.034
54.600,-0.011
54.605,-0.001
54.610,0.016
54.615,0.043
54.620,0.059
54.625,0.074
54.630,0.093
54.635,0.103
54.640,0.104
54.645,0.110
54.650,0.114
54.655,0.107
54.660,0.100
54.665,0.099
54.670,0.090
54.675,0.083
54.680,0.086
54.685,0.080
54.690,0.068
54.695,0.064
54.700,0.059
54.705,0.045
54.710,0.038
54.715,0.034
54.720,0.021
54.725,0.012
54.730,0.019
54.735,0.019
54.740,0.005
54.745,0.002
54.750,0.003
54.755,-0.006
54.760,-0.012
54.765,-0.012
54.770,-0.018
54.775,-0.020
54.780,-0.014
54.785,-0.017
54.790,-0.022
54.795,-0.012
54.800,-0.006
54.805,-0.012
54.810,-0.015
54.815,-0.012
54.820,-0.014
54.825,-0.015
54.830,-0.010
54.835,-0.012
54.840,-0.019
54.845,-0.016
54.850,-0.012
54.855,-0.019
54.860,-0.020
54.865,-0.013
54.870,-0.016
54.875,-0.023
54.880,-0.017
54.885,-0.016
54.890,-0.023
54.895,-0.020
54.900,-0.018
54.905,-0.029
54.910,-0.026
54.915,-0.018
54.920,-0.025
54.925,-0.028
54.930,-0.021
54.935,-0.023
54.940,-0.031
54.945,-0.028
54.950,-0.023
54.955,-0.029
54.960,-0.031
54.965,-0.028
54.970,-0.030
54.975,-0.030
54.980,-0.026
54.985,-0.029
54.990,-0.035
54.995,-0.030
55.000,-0.026
55.005,-0.033
55.010,-0.032
55.015,-0.030
55.020,-0.044
55.025,-0.059
55.030,-0.068
55.035,-0.082
55.040,-0.094
55.045,-0.094
55.050,-0.094
55.055,-0.110
55.060,-0.123
55.065,-0.113
55.070,-0.110
55.075,-0.117
55.080,-0.107
55.085,-0.086
55.090,-0.057
55.095,-0.022
55.100,0.005
55.105,0.023
55.110,0.044
55.115,0.058
55.120,0.054
55.125,0.053
55.130,0.060
55.135,0.059
55.140,0.052
55.145,0.053
55.150,0.057
55.155,0.061
55.160,0.074
55.165,0.058
55.170,-0.053
55.175,-0.261
55.180,-0.558
55.185,-0.981
55.190,-1.382
55.195,-1.342
55.200,-0.797
55.205,-0.180
55.210,0.201
55.215,0.311
55.220,0.318
55.225,0.336
55.230,0.318
55.235,0.293
55.240,0.292
55.245,0.298
55.250,0.295
55.255,0.277
55.260,0.267
55.265,0.265
55.270,0.247
55.275,0.228
55.280,0.225
55.285,0.216
55.290,0.197
55.295,0.191
55.300,0.184
55.305,0.166
55.310,0.158
55.315,0.158
55.320,0.143
55.325,0.126
55.330,0.121
55.335,0.111
55.340,0.094
55.345,0.088
55.350,0.084
55.355,0.067
55.360,0.056
55.365,0.052
55.370,0.037
55.375,0.023
55.380,0.022
55.385,0.012
55.390,-0.004
55.395,-0.009
55.400,-0.016
55.405,-0.032
55.410,-0.041
55.415,-0.044
55.420,-0.057
55.425,-0.066
55.430,-0.063
55.435,-0.067
55.440,-0.075
55.445,-0.073
55.450,-0.071
55.455,-0.076
55.460,-0.072
55.465,-0.056
55.470,-0.044
55.475,-0.029
55.480,-0.001
55.485,0.020
55.490,0.036
55.495,0.062
55.500,0.087
55.505,0.096
55.510,0.108
55.515,0.118
55.520,0.112
55.525,0.108
55.530,0.114
55.535,0.109
55.540,0.097
55.545,0.097
55.550,0.095
55.555,0.081
55.560,0.077
55.565,0.077
55.570,0.066
55.575,0.054
55.580,0.054
55.585,0.049
55.590,0.036
55.595,0.030
55.600,0.027
55.605,0.018
55.610,0.012
55.615,0.013
55.620,0.006
55.625,-0.004
55.630,-0.001
55.635,-0.005
55.640,-0.013
55.645,-0.009
55.650,-0.006
55.655,-0.016
55.660,-0.020
55.665,-0.018
55.670,-0.018
55.675,-0.014
55.680,-0.008
55.685,-0.013
55.690,-0.020
55.695,-0.015
55.700,-0.012
55.705,-0.017
55.710,-0.015
55.715,-0.011
55.720,-0.015
55.725,-0.016
55.730,-0.009
55.735,-0.011
55.740,-0.019
55.745,-0.017
55.750,-0.012
55.755,-0.015
55.760,-0.016
55.765,-0.016
55.770,-0.025
55.775,-0.025
55.780,-0.016
55.785,-0.018
55.790,-0.026
55.795,-0.024
55.800,-0.021
55.805,-0.023
55.810,-0.021
55.815,-0.018
55.820,-0.023
55.825,-0.027
55.830,-0.024
55.835,-0.030
55.840,-0.040
55.845,-0.034
55.850,-0.025
55.855,-0.029
55.860,-0.029
55.865,-0.031
55.870,-0.052
55.875,-0.068
55.880,-0.073
55.885,-0.085
55.890,-0.096
55.895,-0.094
55.900,-0.105
55.905,-0.128
55.910,-0.125
55.915,-0.109
55.920,-0.114
55.925,-0.112
55.930,-0.082
55.935,-0.055
55.940,-0.034
55.945,0.001
55.950,0.031
55.955,0.043
55.960,0.052
55.965,0.064
55.970,0.067
55.975,0.062
55.980,0.064
55.985,0.058
55.990,0.043
55.995,0.048
56.000,0.059
56.005,0.063
56.010,0.066
56.015,0.023
56.020,-0.113
56.025,-0.346
56.030,-0.675
56.035,-1.105
56.040,-1.404
56.045,-1.187
56.050,-0.588
56.055,-0.038
56.060,0.251
56.065,0.293
56.070,0.300
56.075,0.325
56.080,0.306
56.085,0.287
56.090,0.284
56.095,0.293
56.100,0.287
56.105,0.266
56.110,0.255
56.115,0.249
56.120,0.236
56.125,0.225
56.130,0.215
56.135,0.203
56.140,0.194
56.145,0.188
56.150,0.177
56.155,0.160
56.160,0.144
56.165,0.133
56.170,0.121
56.175,0.117
56.180,0.115
56.185,0.104
56.190,0.091
56.195,0.085
56.200,0.072
56.205,0.055
56.210,0.047
56.215,0.039
56.220,0.022
56.225,0.012
56.230,0.013
56.235,0.001
56.240,-0.018
56.245,-0.017
56.250,-0.016
56.255,-0.038
56.260,-0.052
56.265,-0.052
56.270,-0.068
56.275,-0.080
56.280,-0.075
56.285,-0.076
56.290,-0.080
56.295,-0.072
56.300,-0.072
56.305,-0.084
56.310,-0.079
56.315,-0.057
56.320,-0.041
56.325,-0.019
56.330,0.014
56.335,0.034
56.340,0.053
56.345,0.082
56.350,0.096
56.355,0.095
56.360,0.107
56.365,0.121
56.370,0.116
56.375,0.109
56.380,0.111
56.385,0.109
56.390,0.101
56.395,0.100
56.400,0.095
56.405,0.083
56.410,0.074
56.415,0.066
56.420,0.058
56.425,0.056
56.430,0.053
56.435,0.047
56.440,0.041
56.445,0.039
56.450,0.032
56.455,0.021
56.460,0.012
56.465,0.007
56.470,0.005
56.475,0.004
56.480,-0.002
56.485,-0.014
56.490,-0.022
56.495,-0.019
56.500,-0.014
56.505,-0.018
56.510,-0.019
56.515,-0.012
56.520,-0.009
56.525,-0.015
56.530,-0.018
56.535,-0.016
56.540,-0.016
56.545,-0.017
56.550,-0.014
56.555,-0.015
56.560,-0.013
56.565,-0.005
56.570,-0.013
56.575,-0.021
56.580,-0.011
56.585,-0.008
56.590,-0.016
56.595,-0.015
56.600,-0.011
56.605,-0.015
56.610,-0.018
56.615,-0.023
56.620,-0.028
56.625,-0.024
56.630,-0.020
56.635,-0.035
56.640,-0.058
56.645,-0.072
56.650,-0.087
56.655,-0.103
56.660,-0.093
56.665,-0.090
56.670,-0.121
56.675,-0.127
56.680,-0.104
56.685,-0.108
56.690,-0.118
56.695,-0.087
56.700,-0.048
56.705,-0.028
56.710,0.006
56.715,0.033
56.720,0.039
56.725,0.052
56.730,0.060
56.735,0.049
56.740,0.041
56.745,0.049
56.750,0.054
56.755,0.039
56.760,0.034
56.765,0.043
56.770,0.049
56.775,0.063
56.780,0.049
56.785,-0.060
56.790,-0.271
56.795,-0.570
56.800,-0.997
56.805,-1.402
56.810,-1.339
56.815,-0.759
56.820,-0.141
56.825,0.212
56.830,0.314
56.835,0.320
56.840,0.309
56.845,0.281
56.850,0.263
56.855,0.255
56.860,0.258
56.865,0.262
56.870,0.247
56.875,0.234
56.880,0.231
56.885,0.222
56.890,0.208
56.895,0.202
56.900,0.191
56.905,0.170
56.910,0.157
56.915,0.150
56.920,0.133
56.925,0.118
56.930,0.119
56.935,0.113
56.940,0.097
56.945,0.092
56.950,0.085
56.955,0.069
56.960,0.060
56.965,0.055
56.970,0.042
56.975,0.031
56.980,0.026
56.985,0.012
56.990,-0.001
56.995,-0.003
57.000,-0.011
57.005,-0.025
57.010,-0.030
57.015,-0.032
57.020,-0.044
57.025,-0.055
57.030,-0.058
57.035,-0.067
57.040,-0.080
57.045,-0.082
57.050,-0.082
57.055,-0.089
57.060,-0.090
57.065,-0.083
57.070,-0.078
57.075,-0.065
57.080,-0.041
57.085,-0.025
57.090,-0.011
57.095,0.016
57.100,0.039
57.105,0.055
57.110,0.078
57.115,0.097
57.120,0.101
57.125,0.105
57.130,0.114
57.135,0.114
57.140,0.107
57.145,0.107
57.150,0.103
57.155,0.092
57.160,0.091
57.165,0.092
57.170,0.080
57.175,0.069
57.180,0.067
57.185,0.055
57.190,0.046
57.195,0.049
57.200,0.045
57.205,0.030
57.210,0.023
57.215,0.019
57.220,0.007
57.225,0.001
57.230,0.005
57.235,-0.001
57.240,-0.012
57.245,-0.012
57.250,-0.014
57.255,-0.022
57.260,-0.021
57.265,-0.016
57.270,-0.024
57.275,-0.030
57.280,-0.022
57.285,-0.023
57.290,-0.030
57.295,-0.023
57.300,-0.018
57.305,-0.025
57.310,-0.025
57.315,-0.023
57.320,-0.030
57.325,-0.030
57.330,-0.019
57.335,-0.018
57.340,-0.023
57.345,-0.021
57.350,-0.019
57.355,-0.024
57.360,-0.023
57.365,-0.021
57.370,-0.025
57.375,-0.025
57.380,-0.019
57.385,-0.022
57.390,-0.026
57.395,-0.020
57.400,-0.018
57.405,-0.027
57.410,-0.027
57.415,-0.024
57.420,-0.031
57.425,-0.031
57.430,-0.022
57.435,-0.026
57.440,-0.032
57.445,-0.024
57.450,-0.023
57.455,-0.030
57.460,-0.027
57.465,-0.022
57.470,-0.029
57.475,-0.032
57.480,-0.026
57.485,-0.025
57.490,-0.028
57.495,-0.023
57.500,-0.022
57.505,-0.028
57.510,-0.027
57.515,-0.023
57.520,-0.027
57.525,-0.027
57.530,-0.021
57.535,-0.023
57.540,-0.025
57.545,-0.021
57.550,-0.029
57.555,-0.049
57.560,-0.060
57.565,-0.073
57.570,-0.091
57.575,-0.092
57.580,-0.081
57.585,-0.091
57.590,-0.117
57.595,-0.115
57.600,-0.100
57.605,-0.104
57.610,-0.097
57.615,-0.066
57.620,-0.043
57.625,-0.022
57.630,0.012
57.635,0.038
57.640,0.051
57.645,0.066
57.650,0.074
57.655,0.065
57.660,0.064
57.665,0.070
57.670,0.063
57.675,0.057
57.680,0.062
57.685,0.069
57.690,0.080
57.695,0.068
57.700,-0.029
57.705,-0.231
57.710,-0.526
57.715,-0.932
57.720,-1.347
57.725,-1.371
57.730,-0.870
57.735,-0.241
57.740,0.181
57.745,0.317
57.750,0.327
57.755,0.349
57.760,0.333
57.765,0.310
57.770,0.307
57.775,0.306
57.780,0.310
57.785,0.301
57.790,0.281
57.795,0.270
57.800,0.261
57.805,0.247
57.810,0.241
57.815,0.234
57.820,0.216
57.825,0.207
57.830,0.202
57.835,0.185
57.840,0.168
57.845,0.163
57.850,0.152
57.855,0.135
57.860,0.128
57.865,0.124
57.870,0.107
57.875,0.094
57.880,0.089
57.885,0.076
57.890,0.061
57.895,0.054
57.900,0.043
57.905,0.027
57.910,0.021
57.915,0.017
57.920,0.001
57.925,-0.011
57.930,-0.014
57.935,-0.028
57.940,-0.043
57.945,-0.045
57.950,-0.052
57.955,-0.069
57.960,-0.072
57.965,-0.069
57.970,-0.079
57.975,-0.087
57.980,-0.083
57.985,-0.084
57.990,-0.081
57.995,-0.065
58.000,-0.050
58.005,-0.038
58.010,-0.012
58.015,0.015
58.020,0.031
58.025,0.051
58.030,0.075
58.035,0.088
58.040,0.095
58.045,0.109
58.050,0.117
58.055,0.113
58.060,0.112
58.065,0.116
58.070,0.107
58.075,0.100
58.080,0.100
58.085,0.090
58.090,0.078
58.095,0.078
58.100,0.073
58.105,0.061
58.110,0.058
58.115,0.057
58.120,0.046
58.125,0.038
58.130,0.037
58.135,0.028
58.140,0.016
58.145,0.014
58.150,0.010
58.155,0.002
58.160,0.003
58.165,0.002
58.170,-0.005
58.175,-0.008
58.180,-0.004
58.185,-0.008
58.190,-0.012
58.195,-0.006
58.200,-0.007
58.205,-0.014
58.210,-0.010
58.215,-0.004
58.220,-0.009
58.225,-0.010
58.230,-0.004
58.235,-0.005
58.240,-0.009
58.245,-0.006
58.250,-0.006
58.255,-0.011
58.260,-0.008
58.265,-0.007
58.270,-0.015
58.275,-0.015
58.280,-0.009
58.285,-0.014
58.290,-0.021
58.295,-0.016
58.300,-0.016
58.305,-0.023
58.310,-0.018
58.315,-0.015
58.320,-0.026
58.325,-0.028
58.330,-0.019
58.335,-0.023
58.340,-0.029
58.345,-0.023
58.350,-0.023
58.355,-0.031
58.360,-0.026
58.365,-0.017
58.370,-0.021
58.375,-0.025
58.380,-0.023
58.385,-0.026
58.390,-0.029
58.395,-0.024
58.400,-0.030
58.405,-0.049
58.410,-0.064
58.415,-0.078
58.420,-0.100
58.425,-0.111
58.430,-0.102
58.435,-0.110
58.440,-0.134
58.445,-0.129
58.450,-0.113
58.455,-0.118
58.460,-0.117
58.465,-0.095
58.470,-0.069
58.475,-0.041
58.480,-0.011
58.485,0.012
58.490,0.031
58.495,0.048
58.500,0.055
58.505,0.053
58.510,0.055
58.515,0.058
58.520,0.052
58.525,0.048
58.530,0.050
58.535,0.048
58.540,0.053
58.545,0.063
58.550,0.024
58.555,-0.105
58.560,-0.327
58.565,-0.653
58.570,-1.083
58.575,-1.395
58.580,-1.222
58.585,-0.651
58.590,-0.086
58.595,0.229
58.600,0.279
58.605,0.296
58.610,0.333
58.615,0.307
58.620,0.282
58.625,0.282
58.630,0.284
58.635,0.276
58.640,0.263
58.645,0.260
58.650,0.252
58.655,0.236
58.660,0.228
58.665,0.219
58.670,0.202
58.675,0.191
58.680,0.186
58.685,0.171
58.690,0.155
58.695,0.148
58.700,0.138
58.705,0.122
58.710,0.114
58.715,0.106
58.720,0.091
58.725,0.081
58.730,0.077
58.735,0.059
58.740,0.043
58.745,0.041
58.750,0.031
58.755,0.013
58.760,0.010
58.765,0.008
58.770,-0.011
58.775,-0.024
58.780,-0.026
58.785,-0.038
58.790,-0.052
58.795,-0.053
58.800,-0.062
58.805,-0.075
58.810,-0.074
58.815,-0.080
58.820,-0.096
58.825,-0.100
58.830,-0.097
58.835,-0.102
58.840,-0.101
58.845,-0.084
58.850,-0.068
58.855,-0.050
58.860,-0.018
58.865,0.008
58.870,0.022
58.875,0.042
58.880,0.070
58.885,0.091
58.890,0.105
58.895,0.120
58.900,0.123
58.905,0.119
58.910,0.118
58.915,0.116
58.920,0.108
58.925,0.108
58.930,0.112
58.935,0.099
58.940,0.085
58.945,0.085
58.950,0.082
58.955,0.074
58.960,0.068
58.965,0.064
58.970,0.050
58.975,0.041
58.980,0.043
58.985,0.030
58.990,0.017
58.995,0.025
59.000,0.024
59.005,0.010
59.010,0.005
59.015,0.007
59.020,0.001
59.025,-0.007
59.030,-0.003
59.035,-0.004
59.040,-0.014
59.045,-0.010
59.050,-0.007
59.055,-0.014
59.060,-0.011
59.065,-0.006
59.070,-0.014
59.075,-0.014
59.080,-0.007
59.085,-0.015
59.090,-0.019
59.095,-0.014
59.100,-0.018
59.105,-0.022
59.110,-0.014
59.115,-0.012
59.120,-0.020
59.125,-0.020
59.130,-0.016
59.135,-0.019
59.140,-0.021
59.145,-0.017
59.150,-0.019
59.155,-0.025
59.160,-0.020
59.165,-0.014
59.170,-0.021
59.175,-0.023
59.180,-0.018
59.185,-0.023
59.190,-0.030
59.195,-0.024
59.200,-0.021
59.205,-0.028
59.210,-0.028
59.215,-0.027
59.220,-0.035
59.225,-0.034
59.230,-0.022
59.235,-0.022
59.240,-0.027
59.245,-0.024
59.250,-0.033
59.255,-0.056
59.260,-0.069
59.265,-0.076
59.270,-0.090
59.275,-0.098
59.280,-0.095
59.285,-0.109
59.290,-0.132
59.295,-0.127
59.300,-0.119
59.305,-0.125
59.310,-0.122
59.315,-0.103
59.320,-0.076
59.325,-0.042
59.330,-0.009
59.335,0.018
59.340,0.038
59.345,0.051
59.350,0.062
59.355,0.064
59.360,0.062
59.365,0.060
59.370,0.054
59.375,0.052
59.380,0.056
59.385,0.052
59.390,0.055
59.395,0.078
59.400,0.057
59.405,-0.057
59.410,-0.256
59.415,-0.558
59.420,-0.993
59.425,-1.366
59.430,-1.253
59.435,-0.677
59.440,-0.101
59.445,0.219
59.450,0.301
59.455,0.319
59.460,0.327
59.465,0.290
59.470,0.262
59.475,0.265
59.480,0.277
59.485,0.269
59.490,0.251
59.495,0.244
59.500,0.239
59.505,0.226
59.510,0.216
59.515,0.207
59.520,0.191
59.525,0.182
59.530,0.179
59.535,0.161
59.540,0.144
59.545,0.139
59.550,0.125
59.555,0.111
59.560,0.114
59.565,0.105
59.570,0.082
59.575,0.070
59.580,0.066
59.585,0.060
59.590,0.053
59.595,0.046
59.600,0.034
59.605,0.021
59.610,0.017
59.615,0.007
59.620,-0.008
59.625,-0.011
59.630,-0.017
59.635,-0.036
59.640,-0.045
59.645,-0.042
59.650,-0.052
59.655,-0.065
59.660,-0.064
59.665,-0.064
59.670,-0.076
59.675,-0.080
59.680,-0.075
59.685,-0.079
59.690,-0.083
59.695,-0.068
59.700,-0.051
59.705,-0.038
59.710,-0.014
59.715,0.008
59.720,0.020
59.725,0.041
59.730,0.068
59.735,0.083
59.740,0.094
59.745,0.106
59.750,0.107
59.755,0.105
59.760,0.116
59.765,0.124
59.770,0.113
59.775,0.107
59.780,0.105
59.785,0.090
59.790,0.079
59.795,0.084
59.800,0.079
59.805,0.058
59.810,0.052
59.815,0.052
59.820,0.040
59.825,0.035
59.830,0.036
59.835,0.025
59.840,0.014
59.845,0.016
59.850,0.010
59.855,-0.008
59.860,-0.011
59.865,-0.008
59.870,-0.013
59.875,-0.007
59.880,-0.001
59.885,-0.012
59.890,-0.019
59.895,-0.010
59.900,-0.010
59.905,-0.013
59.910,-0.007
59.915,-0.004
59.920,-0.011
59.925,-0.012
59.930,-0.010
59.935,-0.015
59.940,-0.016
59.945,-0.010
59.950,-0.010
59.955,-0.014
59.960,-0.009
59.965,-0.006
59.970,-0.015
59.975,-0.018
59.980,-0.009
59.985,-0.012
59.990,-0.019
59.995,-0.016
